,Low,High,Close,Volume
2010-12-09,15564.407,16442.65,16101.11,8
2010-12-10,15125.286,16003.529,15320.451,9
2010-12-13,15320.451,15808.363,15466.825,3
2010-12-14,15222.869,15613.199,15418.033,6
2010-12-15,14832.539,15515.616,15174.077,5
2010-12-16,14637.373,15076.495,14930.121,4
2010-12-17,14881.329,15320.451,15125.285,4
2010-12-20,15125.286,15320.451,15174.077,5
2010-12-21,15125.285,16540.232,16345.066,12
2010-12-22,15857.155,16589.024,16052.32,4
2010-12-23,15613.199,16101.111,16052.32,5
2010-12-27,15954.736,16735.397,16393.857,6
2010-12-28,16296.275,16881.769,16393.857,7
2010-12-29,15759.573,16540.232,16052.32,6
2010-12-30,15613.199,16247.485,15661.989,5
2010-12-31,15369.243,15954.737,15466.825,11
2011-01-03,15222.868,15613.198,15369.242,4
2011-01-04,15174.078,15661.99,15466.825,4
2011-01-05,15515.616,16296.276,15905.946,7
2011-01-06,15661.989,16296.276,15857.154,2
2011-01-07,15710.781,16003.528,15905.946,3
2011-01-10,15710.781,16149.902,15905.946,2
2011-01-11,15808.363,16198.693,15954.737,4
2011-01-12,15905.946,16101.111,16003.528,4
2011-01-13,15905.946,16198.693,16003.528,3
2011-01-14,15857.155,16101.111,16052.32,3
2011-01-18,15661.99,16052.321,15710.781,4
2011-01-19,15759.572,16149.902,16003.528,5
2011-01-20,15661.989,16149.903,15808.363,8
2011-01-21,15710.78,16003.528,15857.154,2
2011-01-24,15466.825,15905.946,15759.572,11
2011-01-25,15125.286,15759.572,15174.077,3
2011-01-26,15222.868,15564.407,15369.242,1
2011-01-27,15369.243,15661.989,15418.033,3
2011-01-28,14930.121,15418.034,15222.869,2
2011-01-31,14930.121,15515.616,15418.033,3
2011-02-01,14978.912,15564.407,15222.869,2
2011-02-02,15027.703,15418.033,15027.703,4
2011-02-03,14978.912,15515.617,15222.869,3
2011-02-04,14832.539,15369.243,15222.869,3
2011-02-07,15076.495,15564.407,15369.242,2
2011-02-08,15320.451,15418.033,15418.033,1
2011-02-09,15320.451,15661.989,15320.451,4
2011-02-10,15125.286,15564.407,15466.825,3
2011-02-11,15271.66,15564.407,15320.451,1
2011-02-14,15222.869,15564.407,15418.033,3
2011-02-15,15027.703,15418.033,15125.285,4
2011-02-16,14978.912,15418.033,15271.659,1
2011-02-17,15125.286,15320.451,15222.869,1
2011-02-18,14978.911,15320.451,15125.285,3
2011-02-22,14637.374,15174.077,14832.539,3
2011-02-23,14442.208,14978.912,14588.582,5
2011-02-24,14442.208,14881.329,14539.791,1
2011-02-25,14442.208,14686.165,14588.582,2
2011-02-28,14539.791,15320.451,15076.495,3
2011-03-01,14832.539,15466.825,15027.703,4
2011-03-02,14637.373,15174.077,14783.747,2
2011-03-03,14393.418,15027.703,14588.582,3
2011-03-04,14344.626,15466.825,14588.582,1
2011-03-07,14637.373,14930.121,14686.165,3
2011-03-08,14149.461,14881.329,14295.835,4
2011-03-09,13417.592,14637.373,13612.758,5
2011-03-10,12929.68,13563.966,13076.054,9
2011-03-11,12490.559,13759.131,13515.175,13
2011-03-14,13466.384,14393.418,13759.131,4
2011-03-15,13027.263,13515.175,13173.637,3
2011-03-16,13027.263,13563.967,13173.637,1
2011-03-17,13222.427,13563.966,13271.219,3
2011-03-18,13271.219,13905.505,13515.175,2
2011-03-21,13173.636,14393.417,13320.01,2
2011-03-22,12783.306,13417.592,12978.471,3
2011-03-23,12441.767,13076.054,12636.933,6
2011-03-24,12100.229,12588.141,12539.35,10
2011-03-25,12197.812,12929.681,12685.724,4
2011-03-28,11905.064,13027.262,12149.02,4
2011-03-29,11417.151,12490.559,11661.107,5
2011-03-30,10978.031,12490.559,11612.316,10
2011-03-31,11807.482,12490.559,12441.768,4
2011-04-01,12197.811,12880.889,12539.35,3
2011-04-04,11709.9,12490.559,11856.273,3
2011-04-05,10441.326,11856.273,11075.612,19
2011-04-06,10587.7,11221.986,10734.074,8
2011-04-07,10734.074,10929.239,10880.448,2
2011-04-08,10490.118,11173.195,10685.282,6
2011-04-11,10148.579,10734.074,10246.161,4
2011-04-12,10148.578,10538.908,10197.37,4
2011-04-13,10148.579,10490.119,10294.953,2
2011-04-14,10246.161,10490.119,10294.953,2
2011-04-15,10197.371,10538.909,10246.161,3
2011-04-18,9709.458,10148.579,9904.623,10
2011-04-19,9075.172,10002.205,9075.172,7
2011-04-20,8733.633,9270.337,8831.216,6
2011-04-21,8831.215,10002.205,8880.006,6
2011-04-25,8782.424,9221.545,8928.798,4
2011-04-26,8977.589,9319.127,9221.545,4
2011-04-27,9123.963,9465.501,9123.963,2
2011-04-28,8977.589,9270.337,9270.337,2
2011-04-29,8977.59,9416.711,9319.128,3
2011-05-02,9123.963,9319.128,9172.754,2
2011-05-03,10099.787,15613.199,10246.161,827
2011-05-04,9416.711,10636.492,9563.084,105
2011-05-05,9221.545,9904.623,9367.919,42
2011-05-06,9221.545,9660.667,9270.337,21
2011-05-09,9026.38,9367.919,9172.754,25
2011-05-10,9026.38,9319.128,9319.128,22
2011-05-11,9026.38,9660.667,9026.38,26
2011-05-12,8880.006,9270.337,9172.754,26
2011-05-13,9075.171,14051.878,12246.603,627
2011-05-16,12295.393,14832.539,13856.714,837
2011-05-17,11026.822,13905.505,11465.942,264
2011-05-18,10929.238,12392.977,11075.612,212
2011-05-19,10246.161,11124.404,10587.7,78
2011-05-20,10392.535,11661.107,10929.238,95
2011-05-23,10002.205,11124.404,10197.37,63
2011-05-24,10343.744,10831.656,10831.656,60
2011-05-25,10392.535,11270.778,10587.7,58
2011-05-26,10782.865,11465.942,10831.656,60
2011-05-27,10197.371,10831.657,10392.535,39
2011-05-31,9855.831,10392.535,10197.37,33
2011-06-01,9416.711,10392.535,9514.293,35
2011-06-02,9026.38,9807.041,9563.084,47
2011-06-03,9270.337,10197.371,9807.041,34
2011-06-06,9270.337,9611.876,9319.128,23
2011-06-07,9270.337,9563.084,9416.711,20
2011-06-08,8928.797,9465.501,8977.589,29
2011-06-09,8831.215,9660.667,9123.963,15
2011-06-10,8831.216,9123.963,8831.216,16
2011-06-13,8392.094,8880.006,8489.677,26
2011-06-14,8294.512,8782.424,8294.512,15
2011-06-15,7904.182,8636.051,8245.721,14
2011-06-16,7367.478,8245.72,7806.599,16
2011-06-17,7074.731,7952.973,7855.391,26
2011-06-20,6879.565,7806.599,7416.27,15
2011-06-21,7123.522,7660.225,7465.061,7
2011-06-22,7318.687,7611.435,7367.478,11
2011-06-23,7074.731,7513.852,7367.478,15
2011-06-24,7318.687,8099.346,7318.687,7
2011-06-27,7318.687,8245.72,8050.555,22
2011-06-28,7709.017,8294.512,8001.764,10
2011-06-29,7757.808,8148.138,7855.391,6
2011-06-30,7757.808,8294.512,7855.391,3
2011-07-01,7513.852,7952.973,7709.017,3
2011-07-05,7465.06,7806.599,7513.852,3
2011-07-06,7367.478,7757.808,7465.061,4
2011-07-07,7513.852,7806.599,7660.226,4
2011-07-08,7562.643,7855.39,7709.017,7
2011-07-11,7416.269,8099.346,7465.061,9
2011-07-12,7513.852,7806.599,7513.852,3
2011-07-13,7172.313,7757.808,7660.226,13
2011-07-14,7416.269,7709.016,7513.852,6
2011-07-15,7318.687,7611.434,7562.643,2
2011-07-18,7318.687,8196.929,7709.017,27
2011-07-19,7806.599,7952.973,7904.182,10
2011-07-20,7757.808,8050.555,7806.599,4
2011-07-21,7611.434,7952.973,7709.017,6
2011-07-22,7513.852,7806.599,7660.226,3
2011-07-25,7318.687,7611.434,7416.27,7
2011-07-26,7367.478,7611.434,7562.643,6
2011-07-27,7074.731,7416.27,7123.522,12
2011-07-28,7074.731,7367.478,7172.313,4
2011-07-29,7074.731,7221.104,7123.522,4
2011-08-01,7172.313,7660.225,7221.104,7
2011-08-02,6928.357,7367.478,6928.357,8
2011-08-03,6196.489,7025.939,6342.862,17
2011-08-04,5367.037,6440.444,5464.619,17
2011-08-05,5025.498,5806.158,5610.993,12
2011-08-08,5074.289,5659.784,5269.454,7
2011-08-09,4879.124,5318.246,4927.916,14
2011-08-10,4927.916,5318.246,4927.916,10
2011-08-11,4927.915,5220.663,5220.663,10
2011-08-12,5220.663,5659.784,5610.993,6
2011-08-15,5659.784,6001.323,5952.532,5
2011-08-16,5562.202,6098.906,5806.158,5
2011-08-17,5610.993,6098.906,5659.784,2
2011-08-18,5171.872,5610.993,5513.411,5
2011-08-19,5123.081,6001.323,5903.741,2
2011-08-22,5464.619,5854.95,5562.202,4
2011-08-23,5367.037,5903.741,5659.784,3
2011-08-24,5269.455,5903.741,5806.158,5
2011-08-25,5562.202,5903.741,5659.784,1
2011-08-26,5367.037,5659.784,5562.202,2
2011-08-29,5562.202,5708.576,5708.576,3
2011-08-30,5513.411,5659.784,5513.411,2
2011-08-31,5220.663,5610.993,5220.663,8
2011-09-01,5318.246,5659.784,5513.411,3
2011-09-02,5318.246,5610.993,5610.993,2
2011-09-06,5318.246,5610.993,5367.037,3
2011-09-07,5464.619,5806.158,5806.158,7
2011-09-08,5708.576,6050.114,6001.323,4
2011-09-09,5659.784,6098.906,5952.532,4
2011-09-12,5708.576,6294.071,6098.906,4
2011-09-13,5659.784,6733.192,6684.4,4
2011-09-14,6684.401,7269.896,7123.522,10
2011-09-15,6391.653,7269.896,6830.774,8
2011-09-16,6196.488,6977.148,6196.488,13
2011-09-19,6098.905,6391.653,6294.07,2
2011-09-20,6196.488,6440.444,6440.444,3
2011-09-21,5757.367,6440.444,6196.488,3
2011-09-22,5854.95,6440.444,5903.741,3
2011-09-23,5659.784,6098.906,5854.95,1
2011-09-26,5562.202,6050.114,5757.367,2
2011-09-27,5708.576,6440.444,5903.741,5
2011-09-28,5757.367,6050.115,5903.741,1
2011-09-29,5562.202,6098.905,5757.367,4
2011-09-30,5367.037,5708.576,5464.619,3
2011-10-03,5074.289,5367.037,5220.663,2
2011-10-04,4927.915,5464.619,5220.663,4
2011-10-05,5220.663,5415.828,5367.037,1
2011-10-06,5269.454,5708.576,5708.576,3
2011-10-07,5610.993,5952.532,5708.576,1
2011-10-10,5562.202,5903.741,5610.993,1
2011-10-11,5610.993,5806.158,5806.158,0
2011-10-12,5659.784,6098.906,6050.115,2
2011-10-13,5610.993,5952.532,5757.367,3
2011-10-14,5610.993,6050.114,5952.532,0
2011-10-17,5367.037,5952.532,5513.411,1
2011-10-18,5367.037,5708.576,5659.784,0
2011-10-19,5367.037,5708.576,5610.993,1
2011-10-20,5513.411,5757.367,5513.411,1
2011-10-21,5415.828,6098.905,6001.323,5
2011-10-24,5903.741,6098.905,6001.323,2
2011-10-25,5854.95,6098.906,6050.115,2
2011-10-26,5854.95,6098.906,5854.95,2
2011-10-27,5854.95,6245.279,5952.532,6
2011-10-28,5610.993,6001.323,5659.784,1
2011-10-31,5464.619,5610.993,5562.202,1
2011-11-01,5415.828,5513.411,5464.619,1
2011-11-02,5513.411,5806.158,5806.158,2
2011-11-03,5415.828,6001.323,5903.741,4
2011-11-04,5415.828,6098.906,5659.784,1
2011-11-07,5562.202,5854.95,5562.202,2
2011-11-08,5659.784,6001.323,5806.158,3
2011-11-09,5562.202,6001.323,5562.202,3
2011-11-10,5415.828,5757.367,5610.993,1
2011-11-11,5415.828,5854.95,5610.993,1
2011-11-14,5367.037,6050.115,5854.95,3
2011-11-15,5415.828,5854.95,5806.158,1
2011-11-16,5415.828,11953.855,8343.303,434
2011-11-17,6342.862,8587.259,6830.774,79
2011-11-18,6342.862,7269.896,6342.862,32
2011-11-21,6196.488,6928.357,6928.357,35
2011-11-22,6294.071,7025.939,6586.818,11
2011-11-23,5854.95,6440.445,6050.115,14
2011-11-25,5854.95,6489.235,6196.488,5
2011-11-28,6342.861,6830.774,6538.027,10
2011-11-29,6245.279,6684.4,6538.027,4
2011-11-30,6440.444,7269.896,6733.192,38
2011-12-01,6586.818,6830.774,6586.818,11
2011-12-02,6586.818,6830.774,6635.609,8
2011-12-05,6538.027,7074.731,6733.192,6
2011-12-06,6538.027,6733.192,6586.818,5
2011-12-07,6391.653,6684.401,6586.818,6
2011-12-08,6391.653,6733.192,6391.653,4
2011-12-09,6391.653,6733.192,6635.609,11
2011-12-12,6538.027,6733.192,6635.609,3
2011-12-13,6635.609,6928.357,6781.983,4
2011-12-14,6489.235,6879.565,6684.4,3
2011-12-15,6538.027,6733.192,6733.192,4
2011-12-16,6489.235,6684.4,6489.235,2
2011-12-19,6098.906,6586.818,6489.235,6
2011-12-20,6196.488,6684.4,6635.609,3
2011-12-21,6538.027,6635.609,6586.818,1
2011-12-22,4732.751,5123.081,5025.499,93
2011-12-23,4830.333,5074.289,4927.916,51
2011-12-27,4830.333,4927.916,4879.125,13
2011-12-28,4732.751,4927.916,4830.333,8
2011-12-29,4635.169,4879.125,4830.333,5
2011-12-30,4879.125,5318.246,4879.125,46
2012-01-03,4732.751,4927.916,4879.125,8
2012-01-04,4732.751,4830.333,4830.333,3
2012-01-05,4781.542,4879.125,4781.542,4
2012-01-06,4781.542,5025.498,4976.707,10
2012-01-09,4927.916,4976.707,4927.916,4
2012-01-10,4879.125,5074.289,4879.125,9
2012-01-11,4879.124,4976.707,4976.707,6
2012-01-12,4927.916,5074.29,5025.499,7
2012-01-13,4927.915,5171.872,4976.707,9
2012-01-17,4927.916,5025.498,4927.916,7
2012-01-18,4879.125,4976.707,4879.125,5
2012-01-19,4927.915,5123.08,4976.707,21
2012-01-20,4927.916,5074.289,4927.916,16
2012-01-23,4927.915,5464.619,4976.707,116
2012-01-24,4879.125,5025.498,4879.125,27
2012-01-25,4879.125,5415.828,5025.499,93
2012-01-26,5025.498,5171.872,5074.29,12
2012-01-27,4927.916,5123.08,4927.916,41
2012-01-30,4781.542,4927.916,4830.333,47
2012-01-31,4781.542,4927.916,4781.542,30
2012-02-01,4781.542,4927.916,4781.542,24
2012-02-02,4781.542,4976.707,4976.707,37
2012-02-03,4830.333,4976.707,4927.916,39
2012-02-06,4879.124,5269.454,4976.707,48
2012-02-07,4976.707,5171.872,5025.499,31
2012-02-08,4976.707,5123.081,5074.29,15
2012-02-09,5025.498,5123.081,5074.29,9
2012-02-10,4879.125,5171.872,4879.125,22
2012-02-13,4879.125,5074.29,5025.499,12
2012-02-14,4879.125,5074.289,4879.125,9
2012-02-15,4879.125,4976.707,4879.125,8
2012-02-16,4879.125,5025.498,4879.125,7
2012-02-17,4830.333,4927.916,4879.125,10
2012-02-21,4781.542,4927.916,4830.333,7
2012-02-22,4781.542,4879.125,4830.333,3
2012-02-23,4781.542,4976.707,4879.125,8
2012-02-24,4879.125,4976.707,4879.125,5
2012-02-27,4879.124,5025.498,4927.916,8
2012-02-28,4879.124,4976.707,4927.916,5
2012-02-29,4781.542,4927.916,4781.542,5
2012-03-01,4732.751,4927.916,4781.542,9
2012-03-02,4635.168,4879.124,4732.75,14
2012-03-05,4586.377,4732.751,4635.168,11
2012-03-06,4244.838,4537.586,4488.794,18
2012-03-07,4342.421,4488.795,4440.003,4
2012-03-08,4440.003,4635.168,4635.168,9
2012-03-09,4586.377,4781.542,4683.959,11
2012-03-12,4537.586,4781.542,4683.959,1
2012-03-13,4537.586,4732.75,4732.75,7
2012-03-14,4440.003,4781.542,4537.586,10
2012-03-15,4391.212,4683.96,4537.586,3
2012-03-16,4537.586,4635.169,4537.586,1
2012-03-19,4391.212,4586.377,4586.377,2
2012-03-20,4537.586,4781.542,4732.75,15
2012-03-21,4635.168,4732.751,4683.959,3
2012-03-22,4391.212,4635.169,4586.377,6
2012-03-23,4488.795,4635.168,4635.168,1
2012-03-26,4440.003,5610.993,4586.377,114
2012-03-27,4391.212,4586.377,4440.003,13
2012-03-28,4391.212,4635.168,4391.212,5
2012-03-29,4293.629,4440.003,4293.629,5
2012-03-30,4293.629,4440.003,4440.003,5
2012-04-02,4342.421,4635.168,4440.003,2
2012-04-03,4342.421,4537.586,4342.421,5
2012-04-04,4000.882,4391.212,4293.629,10
2012-04-05,4196.047,4293.629,4196.047,2
2012-04-09,3464.178,4196.047,3659.343,11
2012-04-10,3415.387,3805.717,3512.969,7
2012-04-11,3415.387,3756.926,3464.178,5
2012-04-12,3464.178,3756.926,3708.135,1
2012-04-13,3415.387,3756.926,3512.969,4
2012-04-16,3464.178,3659.343,3659.343,0
2012-04-17,3171.431,3659.343,3415.387,6
2012-04-18,3317.805,3561.761,3415.387,2
2012-04-19,3317.805,3659.343,3512.969,3
2012-04-20,3415.387,3659.343,3464.178,3
2012-04-23,3317.805,3610.552,3366.596,5
2012-04-24,3366.596,3561.761,3415.387,2
2012-04-25,3317.805,3512.969,3512.969,4
2012-04-26,3464.179,3561.761,3561.761,5
2012-04-27,2976.266,3659.343,3317.805,6
2012-04-30,3317.805,3464.179,3415.387,1
2012-05-01,3220.222,3415.387,3269.013,7
2012-05-02,3171.431,3366.596,3269.013,3
2012-05-03,2732.31,3122.64,2829.892,4
2012-05-04,2732.31,3025.057,2732.31,6
2012-05-07,2488.354,2976.266,2585.936,6
2012-05-08,2439.562,2634.727,2537.145,6
2012-05-09,1805.276,2585.936,2341.98,18
2012-05-10,2098.024,2537.145,2293.188,4
2012-05-11,2146.815,2537.145,2537.145,5
2012-05-14,2244.397,2585.936,2537.145,7
2012-05-15,2098.023,2537.145,2146.815,8
2012-05-16,2000.441,2293.188,2000.441,5
2012-05-17,1951.65,2146.815,2049.232,3
2012-05-18,1951.65,2293.188,2098.023,1
2012-05-21,2000.441,2293.188,2146.815,1
2012-05-22,2000.441,2195.606,2146.815,3
2012-05-23,2049.232,2293.188,2098.023,2
2012-05-24,2000.441,3317.805,2683.519,39
2012-05-25,2976.266,4049.673,3366.596,126
2012-05-29,3073.848,3805.717,3073.848,23
2012-05-30,2683.519,3220.222,2927.475,13
2012-05-31,2293.188,3025.057,2293.188,20
2012-06-01,2293.188,2634.727,2439.562,11
2012-06-04,2244.397,2488.354,2341.98,6
2012-06-05,2146.815,2341.98,2146.815,14
2012-06-06,2195.606,2390.771,2341.98,2
2012-06-07,2195.606,2341.98,2195.606,2
2012-06-08,2146.815,2537.145,2293.188,17
2012-06-11,2244.397,2488.354,2439.562,4
2012-06-12,2341.98,2488.354,2488.354,5
2012-06-13,2390.771,2683.519,2439.562,2
2012-06-14,2293.188,2585.936,2537.145,7
2012-06-15,2439.562,2585.936,2488.354,1
2012-06-18,2439.562,2537.145,2537.145,4
2012-06-19,2439.562,2537.145,2439.562,5
2012-06-20,2439.562,2537.145,2537.145,5
2012-06-21,2439.562,2537.145,2439.562,8
2012-06-22,2341.98,2488.354,2439.562,8
2012-06-25,2195.606,2585.936,2293.188,4
2012-06-26,2195.606,2488.354,2195.606,3
2012-06-27,2195.606,2293.188,2293.188,9
2012-06-28,2195.606,2341.98,2293.188,1
2012-06-29,2293.188,2439.562,2341.98,3
2012-07-02,2146.815,2390.771,2146.815,1
2012-07-03,2146.815,2293.188,2195.606,1
2012-07-05,2195.606,2341.98,2341.98,2
2012-07-06,2195.606,2439.562,2341.98,3
2012-07-09,2195.606,2341.98,2244.397,3
2012-07-10,2195.606,2488.353,2244.397,1
2012-07-11,2195.606,2341.98,2244.397,1
2012-07-12,2244.397,2293.188,2244.397,1
2012-07-13,2146.815,2341.98,2195.606,7
2012-07-16,2293.188,2976.266,2683.519,32
2012-07-17,2488.354,2781.101,2488.354,12
2012-07-18,2439.562,2878.683,2634.727,38
2012-07-19,2634.727,2829.892,2829.892,19
2012-07-20,2683.519,2927.475,2683.519,6
2012-07-23,2439.562,2732.31,2488.354,5
2012-07-24,2439.562,2634.727,2537.145,12
2012-07-25,2439.562,2634.727,2537.145,3
2012-07-26,2439.562,2585.936,2439.562,3
2012-07-27,2439.562,2585.936,2439.562,7
2012-07-30,2439.562,2488.354,2439.562,3
2012-07-31,2341.98,2537.145,2341.98,9
2012-08-01,2341.98,2390.771,2390.771,3
2012-08-02,2195.606,2341.98,2195.606,7
2012-08-03,1854.067,2537.145,1902.859,43
2012-08-06,1854.067,1902.859,1854.067,6
2012-08-07,1805.276,1902.859,1805.276,8
2012-08-08,1805.276,1951.65,1805.276,8
2012-08-09,1658.902,1805.276,1658.902,17
2012-08-10,1561.32,1707.694,1658.902,8
2012-08-13,1512.529,1658.902,1658.902,4
2012-08-14,1561.32,1707.694,1658.902,3
2012-08-15,1561.32,1707.694,1658.902,10
2012-08-16,1561.32,1756.485,1756.485,25
2012-08-17,1756.485,2049.232,1756.485,20
2012-08-20,1658.902,1805.276,1658.902,13
2012-08-21,1658.902,1756.485,1756.485,7
2012-08-22,1658.902,1756.485,1707.694,6
2012-08-23,1707.694,1854.067,1707.694,26
2012-08-24,1707.694,1902.859,1756.485,35
2012-08-27,1756.485,1902.859,1805.276,25
2012-08-28,1805.276,1854.067,1805.276,13
2012-08-29,1805.276,1951.65,1805.276,40
2012-08-30,1707.694,1902.859,1805.276,28
2012-08-31,1707.694,1854.067,1707.694,16
2012-09-04,1707.694,1805.276,1805.276,13
2012-09-05,1707.694,1805.276,1756.485,4
2012-09-06,1707.694,1805.276,1707.694,13
2012-09-07,1658.902,1707.694,1707.694,8
2012-09-10,1658.902,1756.485,1707.694,21
2012-09-11,1658.902,1707.694,1707.694,19
2012-09-12,1658.902,1707.694,1707.694,10
2012-09-13,1658.902,1707.694,1707.694,9
2012-09-14,1658.902,1756.485,1658.902,8
2012-09-17,1658.902,1756.485,1707.694,6
2012-09-18,1707.694,1951.65,1902.859,79
2012-09-19,1902.859,2341.98,2146.815,252
2012-09-20,1951.65,2195.606,2000.441,44
2012-09-21,1805.276,2049.232,1951.65,21
2012-09-24,1805.276,1951.65,1854.067,19
2012-09-25,1658.902,1854.067,1756.485,36
2012-09-26,1658.902,1805.276,1707.694,10
2012-09-27,1658.902,1756.485,1707.694,7
2012-09-28,1707.694,1756.485,1707.694,5
2012-10-01,1707.694,1756.485,1707.694,7
2012-10-02,1561.32,1756.485,1610.111,15
2012-10-03,1561.32,1658.902,1561.32,5
2012-10-04,1561.32,1658.902,1610.111,10
2012-10-05,1610.111,1707.694,1658.902,6
2012-10-08,1610.111,1707.694,1707.694,2
2012-10-09,1512.529,1658.902,1610.111,22
2012-10-10,1463.737,1658.902,1512.529,7
2012-10-11,1463.737,1561.32,1463.737,15
2012-10-12,1463.737,1561.32,1463.737,5
2012-10-15,1414.946,1610.111,1561.32,9
2012-10-16,1512.529,1658.902,1561.32,2
2012-10-17,1268.572,1610.111,1561.32,10
2012-10-18,1512.529,1658.902,1610.111,8
2012-10-19,1512.529,1658.902,1512.529,6
2012-10-22,1463.737,1658.902,1463.737,5
2012-10-23,1317.364,1610.111,1463.737,25
2012-10-24,1170.99,1463.737,1268.572,48
2012-10-25,1219.781,1414.946,1317.364,7
2012-10-26,1317.364,1414.946,1366.155,4
2012-10-31,1122.199,1414.946,1122.199,8
2012-11-01,1219.781,1366.155,1268.572,7
2012-11-02,1268.572,1463.737,1268.572,12
2012-11-05,1268.572,1463.737,1317.364,2
2012-11-06,1366.155,1463.737,1366.155,3
2012-11-07,1219.781,1610.111,1414.946,12
2012-11-08,1268.572,1414.946,1366.155,3
2012-11-09,1268.572,1414.946,1317.364,1
2012-11-12,1219.781,1366.155,1366.155,7
2012-11-13,1219.781,1366.155,1317.364,10
2012-11-14,1268.572,1366.155,1366.155,3
2012-11-15,1219.781,1366.155,1219.781,8
2012-11-16,1219.781,1268.572,1219.781,2
2012-11-19,1219.781,1414.946,1268.572,20
2012-11-20,1268.572,1366.155,1366.155,1
2012-11-21,1122.199,1512.529,1317.364,15
2012-11-23,1268.572,1317.364,1268.572,2
2012-11-26,1268.572,1317.364,1317.364,4
2012-11-27,1268.572,1512.529,1414.946,5
2012-11-28,1317.364,1414.946,1317.364,3
2012-11-29,1317.364,1366.155,1366.155,2
2012-11-30,1268.572,1366.155,1317.364,2
2012-12-03,1366.155,1561.32,1366.155,34
2012-12-04,1317.364,1414.946,1317.364,9
2012-12-05,1317.364,1512.529,1512.529,8
2012-12-06,1317.364,1463.737,1317.364,10
2012-12-07,1317.364,1414.946,1317.364,4
2012-12-10,1366.155,1561.32,1463.737,20
2012-12-11,1463.737,1951.65,1756.485,128
2012-12-12,1951.65,2585.936,2195.606,330
2012-12-13,1756.485,2195.606,1854.067,81
2012-12-14,1658.902,1854.067,1707.694,22
2012-12-17,1658.902,1902.859,1902.859,37
2012-12-18,1756.485,2049.232,1902.859,14
2012-12-19,1756.485,2000.441,1805.276,12
2012-12-20,1805.276,2049.232,1951.65,5
2012-12-21,1854.067,1951.65,1902.859,4
2012-12-24,1707.694,1902.859,1902.859,13
2012-12-26,1756.485,2000.441,1951.65,6
2012-12-27,1805.276,2000.441,1854.067,4
2012-12-28,1805.276,2146.815,1854.067,21
2012-12-31,1854.067,2000.441,1854.067,5
2013-01-02,1756.485,2049.232,2000.441,9
2013-01-03,1854.067,2049.232,2000.441,23
2013-01-04,1854.067,2000.441,1951.65,4
2013-01-07,1902.858,2049.232,2049.232,15
2013-01-08,1951.65,2146.815,1951.65,21
2013-01-09,1902.859,2098.023,1951.65,4
2013-01-10,1951.65,2049.232,2049.232,3
2013-01-11,1756.485,1951.65,1854.067,25
2013-01-14,1805.276,1902.859,1805.276,2
2013-01-15,1756.485,1902.859,1805.276,8
2013-01-16,1805.276,1854.067,1805.276,3
2013-01-17,1756.485,2000.441,1951.65,23
2013-01-18,1854.067,1951.65,1854.067,4
2013-01-22,1805.276,1951.65,1902.859,2
2013-01-23,1805.276,1951.65,1854.067,2
2013-01-24,1756.485,1902.859,1854.067,3
2013-01-25,1805.276,1951.65,1854.067,5
2013-01-28,1902.859,1951.65,1902.859,4
2013-01-29,1902.859,2000.441,1951.65,29
2013-01-30,2293.188,3366.596,3317.805,492
2013-01-31,3561.761,4830.333,4196.047,716
2013-02-01,3025.057,4293.63,3171.431,283
2013-02-04,2878.683,3366.596,2927.475,77
2013-02-05,2732.31,3025.057,2829.892,78
2013-02-06,2732.31,3317.805,3171.431,153
2013-02-07,3171.431,3854.508,3317.805,190
2013-02-08,3073.848,3512.97,3220.222,49
2013-02-11,2927.475,3220.222,3025.057,51
2013-02-12,2976.266,3073.848,3025.057,16
2013-02-13,2878.683,3025.057,2927.475,27
2013-02-14,2829.892,2976.266,2976.266,27
2013-02-15,2439.562,2878.683,2488.354,86
2013-02-19,2439.562,2683.518,2585.936,36
2013-02-20,2537.145,2781.101,2537.145,23
2013-02-21,2439.562,2732.31,2634.727,67
2013-02-22,2585.936,2781.101,2634.727,42
2013-02-25,2585.936,2829.892,2585.936,32
2013-02-26,2537.145,2683.519,2537.145,14
2013-02-27,2488.354,2732.31,2585.936,9
2013-02-28,2488.354,2634.727,2585.936,16
2013-03-01,2195.606,2537.145,2244.397,64
2013-03-04,2195.606,2341.98,2195.606,4
2013-03-05,2032.968,2594.068,2089.892,57
2013-03-06,1870.331,2228.133,1910.99,81
2013-03-07,1748.353,1910.99,1780.88,25
2013-03-08,1748.353,2236.265,2114.287,150
2013-03-11,1959.782,2195.606,2008.573,40
2013-03-12,1837.804,2032.969,1919.122,26
2013-03-13,1756.485,1894.727,1870.331,37
2013-03-14,1951.65,3195.826,2594.068,1069
2013-03-15,2211.87,2838.024,2325.716,324
2013-03-18,2122.419,2439.562,2211.87,68
2013-03-19,2138.683,2268.793,2236.265,40
2013-03-20,2130.551,2317.584,2276.925,53
2013-03-21,2098.023,2317.584,2098.023,50
2013-03-22,2081.76,2187.474,2114.287,33
2013-03-25,2073.628,2211.87,2122.419,21
2013-03-26,1910.99,2138.683,1935.386,61
2013-03-27,1870.331,2008.573,1935.386,31
2013-03-28,1878.463,2041.101,1935.386,12
2013-04-01,1707.694,1935.386,1805.276,23
2013-04-02,1805.276,1902.859,1878.463,8
2013-04-03,1740.221,1902.859,1780.88,23
2013-04-04,1740.221,1862.199,1740.221,16
2013-04-05,1699.562,1797.144,1764.617,12
2013-04-08,1683.298,1723.957,1691.43,19
2013-04-09,1634.507,1789.012,1707.694,35
2013-04-10,1650.77,1789.012,1789.012,12
2013-04-11,1707.694,1789.012,1715.825,8
2013-04-12,1723.957,1789.012,1772.749,20
2013-04-15,1691.43,1780.88,1691.43,13
2013-04-16,1626.375,1740.221,1642.639,22
2013-04-17,1553.188,1699.562,1601.979,27
2013-04-18,1512.529,1618.243,1618.243,17
2013-04-19,1569.452,1634.507,1601.979,15
2013-04-22,2163.078,2911.211,2358.243,1552
2013-04-23,1967.913,2358.243,2098.023,269
2013-04-24,1976.045,2228.134,2228.134,49
2013-04-25,2032.969,2276.925,2032.969,68
2013-04-26,1894.727,2122.419,1967.914,43
2013-04-29,1829.672,1967.914,1845.935,35
2013-04-30,1829.672,1951.65,1935.386,26
2013-05-01,1845.935,1943.518,1862.199,17
2013-05-02,1845.935,1927.254,1862.199,11
2013-05-03,1862.199,1951.65,1894.727,18
2013-05-06,1870.331,1935.386,1878.463,14
2013-05-07,1910.99,2098.023,2024.837,41
2013-05-08,2000.441,2114.287,2000.441,22
2013-05-09,1976.045,2073.628,2041.1,9
2013-05-10,1919.122,2041.1,1951.65,17
2013-05-13,1886.595,1943.518,1910.99,21
2013-05-14,1910.99,2024.837,1927.254,7
2013-05-15,1902.859,1976.045,1919.122,10
2013-05-16,1919.122,1959.782,1919.122,5
2013-05-17,1951.65,2122.419,2081.76,81
2013-05-20,1870.331,2081.76,1902.859,49
2013-05-21,1910.99,2114.287,2041.1,37
2013-05-22,1976.045,2089.892,2081.76,23
2013-05-23,1976.045,2106.155,2081.76,14
2013-05-24,2032.968,2195.606,2163.078,22
2013-05-28,2089.892,2260.661,2154.947,14
2013-05-29,1870.331,2220.001,1870.331,117
2013-05-30,1260.441,1333.627,1292.968,2209
2013-05-31,1301.1,1325.495,1317.364,965
2013-06-03,1260.441,1358.023,1333.627,1071
2013-06-04,1284.836,1341.759,1292.968,360
2013-06-05,1236.045,1309.232,1260.441,376
2013-06-06,1219.781,1301.1,1227.913,356
2013-06-07,1170.99,1276.704,1227.913,485
2013-06-10,1162.858,1252.309,1203.517,300
2013-06-11,1154.726,1195.385,1187.254,267
2013-06-12,1138.462,1187.254,1146.594,155
2013-06-13,1114.067,1162.858,1154.726,167
2013-06-14,1138.462,1170.99,1138.462,73
2013-06-17,1122.199,1162.858,1122.199,45
2013-06-18,1065.276,1122.199,1105.935,282
2013-06-19,1057.144,1114.067,1073.407,134
2013-06-20,1024.616,1073.407,1057.144,114
2013-06-21,951.429,1097.803,983.957,269
2013-06-24,918.902,1000.221,983.957,156
2013-06-25,951.429,983.957,975.825,174
2013-06-26,943.297,1130.331,1057.144,371
2013-06-27,1032.748,1122.199,1081.539,180
2013-06-28,1040.88,1089.671,1049.012,49
2013-07-01,1049.012,1089.671,1057.144,47
2013-07-02,1049.012,1081.539,1049.012,42
2013-07-03,1049.012,1081.539,1057.144,17
2013-07-05,1049.012,1105.935,1065.276,68
2013-07-08,1065.276,1105.935,1089.671,25
2013-07-09,1081.539,1114.067,1089.671,74
2013-07-10,1089.671,1114.067,1097.803,39
2013-07-11,1089.671,1114.067,1105.935,54
2013-07-12,1097.803,1146.594,1122.199,157
2013-07-15,1114.067,1146.594,1122.199,35
2013-07-16,1122.199,1146.594,1130.33,45
2013-07-17,1130.33,1203.517,1138.462,514
2013-07-18,1138.462,1154.726,1154.726,116
2013-07-19,1130.33,1154.726,1146.594,89
2013-07-22,1138.462,1162.858,1146.594,90
2013-07-23,1122.199,1162.858,1138.462,141
2013-07-24,1138.462,1236.045,1170.99,1120
2013-07-25,1089.671,1187.254,1122.199,423
2013-07-26,1114.067,1146.594,1138.462,108
2013-07-29,1138.462,1162.858,1138.462,85
2013-07-30,1138.462,1154.726,1138.462,144
2013-07-31,1138.462,1162.858,1138.462,95
2013-08-01,1089.671,1154.726,1138.462,271
2013-08-02,1138.462,1146.594,1138.462,50
2013-08-05,1097.803,1154.726,1138.462,140
2013-08-06,1105.935,1187.254,1179.122,407
2013-08-07,1122.199,1219.781,1154.726,992
2013-08-08,1130.33,1162.858,1146.594,263
2013-08-09,1122.199,1170.99,1122.199,117
2013-08-12,1105.935,1146.594,1122.199,86
2013-08-13,1114.067,1146.594,1130.33,88
2013-08-14,1081.539,1122.199,1097.803,119
2013-08-15,1057.144,1097.803,1081.539,89
2013-08-16,1065.276,1114.067,1089.671,101
2013-08-19,1081.539,1122.199,1089.671,83
2013-08-20,1065.276,1097.803,1089.671,48
2013-08-21,1057.144,1089.671,1089.671,124
2013-08-22,1089.671,1114.067,1089.671,58
2013-08-23,1081.539,1114.067,1089.671,82
2013-08-26,1073.407,1097.803,1089.671,23
2013-08-27,1057.144,1122.199,1065.276,86
2013-08-28,1057.144,1073.407,1065.276,31
2013-08-29,1049.012,1081.539,1065.276,52
2013-08-30,1049.012,1089.671,1065.276,45
2013-09-03,1065.275,1105.935,1081.539,27
2013-09-04,1057.144,1097.803,1097.803,45
2013-09-05,1065.276,1089.671,1089.671,63
2013-09-06,1073.407,1146.594,1130.33,233
2013-09-09,1122.199,1179.122,1130.33,450
2013-09-10,1097.803,1154.726,1130.33,198
2013-09-11,1097.803,1146.594,1114.067,73
2013-09-12,1114.067,1138.462,1114.067,68
2013-09-13,1097.803,1130.33,1130.33,71
2013-09-16,1105.935,1138.462,1114.067,89
2013-09-17,1114.067,1146.594,1122.199,116
2013-09-18,1114.067,1138.462,1130.33,65
2013-09-19,1114.067,1211.649,1179.122,1377
2013-09-20,1179.122,1244.177,1179.122,1942
2013-09-23,1114.067,1203.517,1146.594,875
2013-09-24,1130.33,1179.122,1146.594,416
2013-09-25,1146.594,1187.254,1170.99,415
2013-09-26,1138.462,1195.385,1138.462,385
2013-09-27,1146.594,1195.385,1187.254,759
2013-09-30,1162.858,1317.364,1301.1,2328
2013-10-01,1227.913,1358.023,1244.177,1177
2013-10-02,1252.309,1349.891,1341.759,1197
2013-10-03,1236.045,1455.605,1301.1,2329
2013-10-04,1260.441,1341.759,1325.495,320
2013-10-07,1292.968,1431.21,1366.155,1117
2013-10-08,1227.913,1390.551,1227.913,883
2013-10-09,1138.462,1292.968,1244.177,1242
2013-10-10,1203.517,1317.364,1244.177,790
2013-10-11,1227.913,1309.232,1252.309,459
2013-10-14,1227.913,1276.704,1268.572,194
2013-10-15,1227.913,1276.704,1260.441,415
2013-10-16,1252.309,1382.419,1333.627,780
2013-10-17,1301.1,1374.287,1349.891,367
2013-10-18,1276.704,1366.155,1301.1,470
2013-10-21,1236.045,1301.1,1260.441,401
2013-10-22,1244.177,1284.836,1260.441,225
2013-10-23,1244.177,1276.704,1252.309,240
2013-10-24,1252.309,1309.232,1268.572,410
2013-10-25,1268.572,1325.495,1284.836,458
2013-10-28,1260.441,1309.232,1268.572,208
2013-10-29,1219.781,1317.364,1244.177,474
2013-10-30,1154.726,1268.572,1179.122,399
2013-10-31,1065.276,1170.99,1105.935,435
2013-11-01,1057.144,1114.067,1105.935,217
2013-11-04,1097.803,1146.594,1122.199,85
2013-11-05,1097.803,1195.385,1138.462,442
2013-11-06,1114.067,1211.649,1138.462,550
2013-11-07,1138.462,1301.1,1301.1,2168
2013-11-08,1227.913,1374.287,1244.177,937
2013-11-11,1195.385,1260.441,1219.781,264
2013-11-12,1179.122,1219.781,1187.254,248
2013-11-13,1179.122,1236.045,1187.254,192
2013-11-14,1105.935,1227.913,1211.649,369
2013-11-15,1122.199,1219.781,1203.517,472
2013-11-18,1154.726,1219.781,1203.517,81
2013-11-19,1138.462,1219.781,1162.858,208
2013-11-20,1138.462,1170.99,1146.594,77
2013-11-21,1146.594,1179.122,1146.594,69
2013-11-22,992.089,1154.726,1105.935,1226
2013-11-25,1049.012,1154.726,1122.199,331
2013-11-26,1122.199,1146.594,1146.594,118
2013-11-27,1105.935,1195.385,1154.726,265
2013-11-29,1130.33,1162.858,1130.33,126
2013-12-02,1122.199,1154.726,1146.594,107
2013-12-03,1073.407,1187.254,1170.99,523
2013-12-04,1284.836,1748.353,1463.737,16271
2013-12-05,1317.364,1480.001,1341.759,2136
2013-12-06,1195.385,1341.759,1260.441,1390
2013-12-09,1187.254,1268.572,1219.781,613
2013-12-10,1195.385,1284.836,1211.649,774
2013-12-11,1219.781,1301.1,1236.045,1275
2013-12-12,1219.781,1252.309,1227.913,322
2013-12-13,1203.517,1244.177,1236.045,244
2013-12-16,1203.517,1252.309,1236.045,240
2013-12-17,1219.781,1292.968,1284.836,702
2013-12-18,1227.913,1276.704,1252.309,331
2013-12-19,1236.045,1252.309,1236.045,122
2013-12-20,1236.045,1317.364,1292.968,994
2013-12-23,1301.1,1341.759,1317.364,363
2013-12-24,1309.232,1341.759,1333.627,143
2013-12-26,1317.364,1333.627,1333.627,205
2013-12-27,1301.1,1333.627,1309.232,267
2013-12-30,1301.1,1382.419,1382.419,425
2013-12-31,1341.759,1414.946,1366.155,625
2014-01-02,1349.891,1455.605,1406.814,670
2014-01-03,1366.155,1423.078,1390.551,480
2014-01-06,1366.155,1414.946,1414.946,293
2014-01-07,1398.682,1528.792,1463.737,1117
2014-01-08,1748.353,2065.496,1837.804,10753
2014-01-09,1626.375,1805.276,1675.166,1497
2014-01-10,1553.188,1683.298,1618.243,946
2014-01-13,1626.375,1748.353,1650.771,642
2014-01-14,1585.715,1780.88,1740.221,1610
2014-01-15,1642.639,1756.485,1675.166,559
2014-01-16,1634.507,1732.089,1675.166,388
2014-01-17,1642.639,1707.694,1642.639,295
2014-01-21,1642.639,1748.353,1723.957,599
2014-01-22,967.693,1854.067,1756.485,1287
2014-01-23,1756.485,1854.067,1772.749,756
2014-01-24,1634.507,1789.012,1658.902,770
2014-01-27,1528.792,1658.902,1569.452,615
2014-01-28,1545.056,1683.298,1626.375,311
2014-01-29,1577.584,1650.77,1601.979,150
2014-01-30,1601.979,1658.902,1626.375,173
2014-01-31,1585.715,1626.375,1585.715,217
2014-02-03,1528.792,1618.243,1528.792,360
2014-02-04,1366.155,1496.265,1488.133,1471
2014-02-05,1431.21,1528.792,1439.342,532
2014-02-06,1382.419,1463.737,1414.946,441
2014-02-07,1406.814,1463.737,1431.21,450
2014-02-10,1423.078,1463.737,1439.342,296
2014-02-11,1439.342,1504.397,1463.737,667
2014-02-12,1423.078,1496.265,1455.605,463
2014-02-13,1431.21,1471.869,1447.474,245
2014-02-14,1447.474,1480.001,1455.605,335
2014-02-18,1423.078,1480.001,1455.605,552
2014-02-19,1439.342,1480.001,1439.342,179
2014-02-20,1423.078,1463.737,1431.21,207
2014-02-21,1431.21,1463.737,1455.605,132
2014-02-24,1447.474,1488.133,1480.001,337
2014-02-25,1471.869,1601.979,1569.452,1794
2014-02-26,1569.452,1683.298,1634.507,902
2014-02-27,1545.056,1707.694,1585.715,670
2014-02-28,1520.66,1634.507,1528.792,481
2014-03-03,1488.133,1536.924,1504.397,276
2014-03-04,1528.792,1601.979,1528.792,215
2014-03-05,1528.792,1569.452,1528.792,130
2014-03-06,1520.66,1569.452,1545.056,278
2014-03-07,1512.529,1545.056,1520.66,143
2014-03-10,1488.133,1528.792,1520.66,247
2014-03-11,1504.397,1667.034,1577.584,1603
2014-03-12,1545.056,1805.276,1756.485,3131
2014-03-13,1707.694,1935.386,1715.825,2081
2014-03-14,1691.43,1756.485,1699.562,578
2014-03-17,1675.166,1789.012,1683.298,598
2014-03-18,1642.639,1764.617,1748.353,779
2014-03-19,1683.298,1797.144,1699.562,525
2014-03-20,1650.77,1715.825,1675.166,434
2014-03-21,1618.243,1715.825,1650.771,530
2014-03-24,1561.32,1707.694,1658.902,927
2014-03-25,1561.32,1683.298,1610.111,584
2014-03-26,1512.529,1618.243,1536.924,535
2014-03-27,1447.474,1528.792,1480.001,483
2014-03-28,1463.737,1520.66,1463.737,251
2014-03-31,1471.869,1512.529,1512.529,156
2014-04-01,1471.869,1536.924,1496.265,190
2014-04-02,1471.869,1626.375,1561.32,592
2014-04-03,1480.001,1585.715,1520.66,313
2014-04-04,1488.133,1561.32,1528.792,806
2014-04-07,1471.869,1601.979,1504.397,517
2014-04-08,1480.001,1577.584,1504.397,549
2014-04-09,1496.265,1610.111,1528.792,1369
2014-04-10,1471.869,1545.056,1488.133,274
2014-04-11,1382.419,1480.001,1398.682,447
2014-04-14,1252.309,1406.814,1301.1,546
2014-04-15,1162.858,1292.968,1244.177,901
2014-04-16,1244.177,1341.759,1309.232,551
2014-04-17,1276.704,1325.496,1301.1,121
2014-04-21,1284.836,1382.419,1341.759,192
2014-04-22,1341.759,1423.078,1406.814,213
2014-04-23,1374.287,1414.946,1374.287,54
2014-04-24,1301.1,1382.419,1325.495,182
2014-04-25,1276.704,1382.419,1301.1,501
2014-04-28,1260.441,1317.364,1284.836,110
2014-04-29,1268.572,1333.627,1317.364,127
2014-04-30,1260.441,1317.364,1309.232,113
2014-05-01,1284.836,1325.496,1301.1,107
2014-05-02,1260.441,1309.232,1284.836,163
2014-05-05,1252.309,1292.968,1268.572,58
2014-05-06,1211.649,1301.1,1227.913,129
2014-05-07,1162.858,1236.045,1203.517,282
2014-05-08,1146.594,1219.781,1179.122,144
2014-05-09,1114.067,1203.517,1130.33,218
2014-05-12,1097.803,1170.99,1162.858,86
2014-05-13,1146.594,1203.517,1170.99,143
2014-05-14,1105.935,1195.385,1114.067,165
2014-05-15,1097.803,1146.594,1146.594,104
2014-05-16,1105.935,1138.462,1138.462,100
2014-05-19,1114.067,1154.726,1130.33,399
2014-05-20,1105.935,1154.726,1114.067,70
2014-05-21,1089.671,1130.33,1105.935,124
2014-05-22,1114.067,1187.254,1122.199,304
2014-05-23,1130.33,1154.726,1138.462,156
2014-05-27,1130.33,1170.99,1162.858,109
2014-05-28,1146.594,1187.254,1162.858,365
2014-05-29,1154.726,1260.44,1203.517,792
2014-05-30,1170.99,1211.649,1195.385,133
2014-06-02,1146.594,1195.385,1162.858,137
2014-06-03,1130.331,1162.858,1154.726,118
2014-06-04,1138.462,1179.122,1179.122,50
2014-06-05,1138.462,1170.99,1162.858,100
2014-06-06,1154.726,1211.649,1187.254,139
2014-06-09,1187.254,1244.177,1219.781,334
2014-06-10,1187.254,1244.177,1211.649,114
2014-06-11,1179.122,1219.781,1195.385,77
2014-06-12,1154.726,1211.649,1170.99,76
2014-06-13,1170.99,1195.385,1187.254,35
2014-06-16,1170.99,1203.517,1179.122,86
2014-06-17,1162.858,1203.517,1162.858,107
2014-06-18,1162.858,1195.385,1187.254,29
2014-06-19,1162.858,1211.649,1187.254,96
2014-06-20,1154.726,1195.385,1154.726,90
2014-06-23,1162.858,1203.517,1187.254,67
2014-06-24,1170.99,1195.385,1170.99,50
2014-06-25,1162.858,1179.122,1170.99,28
2014-06-26,1162.858,1187.254,1162.858,45
2014-06-27,1162.858,1219.781,1203.517,376
2014-06-30,1179.122,1236.045,1187.254,181
2014-07-01,1179.122,1227.913,1195.385,92
2014-07-02,1187.254,1227.913,1203.517,146
2014-07-03,1203.517,1341.759,1309.232,642
2014-07-07,1236.045,1341.759,1268.572,300
2014-07-08,1195.385,1260.441,1195.385,183
2014-07-09,1187.254,1227.913,1203.517,110
2014-07-10,1179.122,1252.309,1211.649,91
2014-07-11,1170.99,1227.913,1195.385,94
2014-07-14,1195.385,1268.572,1227.913,160
2014-07-15,1187.254,1260.441,1195.385,164
2014-07-16,1138.462,1203.517,1170.99,161
2014-07-17,1138.462,1170.99,1154.726,73
2014-07-18,1146.594,1170.99,1154.726,101
2014-07-21,1146.594,1179.122,1162.858,103
2014-07-22,1146.594,1187.254,1154.726,36
2014-07-23,1146.594,1187.254,1179.122,29
2014-07-24,1154.726,1187.254,1170.99,29
2014-07-25,1154.726,1179.122,1154.726,46
2014-07-28,1138.462,1179.122,1146.594,54
2014-07-29,1130.33,1211.649,1138.462,322
2014-07-30,1138.462,1179.122,1154.726,77
2014-07-31,1138.462,1170.99,1162.858,49
2014-08-01,1138.462,1162.858,1154.726,49
2014-08-04,1146.594,1170.99,1162.858,53
2014-08-05,1154.726,1170.99,1170.99,29
2014-08-06,1138.462,1170.99,1138.462,63
2014-08-07,1122.199,1154.726,1138.462,91
2014-08-08,1122.199,1146.594,1122.199,52
2014-08-11,1130.33,1170.99,1130.33,28
2014-08-12,1122.199,1154.726,1122.199,24
2014-08-13,1073.407,1154.726,1089.671,161
2014-08-14,1089.671,1130.33,1097.803,63
2014-08-15,1089.671,1130.33,1097.803,54
2014-08-18,1089.671,1138.462,1130.33,180
2014-08-19,1114.067,1138.462,1114.067,71
2014-08-20,1097.803,1138.462,1105.935,61
2014-08-21,1065.276,1122.199,1089.671,108
2014-08-22,1081.539,1105.935,1097.803,41
2014-08-25,1097.803,1138.462,1114.067,85
2014-08-26,1122.199,1170.99,1162.858,136
2014-08-27,1138.462,1170.99,1162.858,44
2014-08-28,1122.199,1162.858,1138.462,40
2014-08-29,1105.935,1138.462,1138.462,58
2014-09-02,1089.671,1138.462,1114.067,90
2014-09-03,1081.539,1138.462,1081.539,60
2014-09-04,1081.539,1162.858,1097.803,50
2014-09-05,1065.276,1114.067,1105.935,110
2014-09-08,1081.539,1114.067,1097.803,30
2014-09-09,1081.539,1138.462,1089.671,44
2014-09-10,1089.671,1130.331,1089.671,55
2014-09-11,1081.539,1114.067,1089.671,53
2014-09-12,1081.539,1105.935,1081.539,25
2014-09-15,1016.484,1114.067,1032.748,134
2014-09-16,1016.484,1097.803,1040.88,45
2014-09-17,1040.88,1081.539,1073.407,33
2014-09-18,1040.88,1089.671,1049.012,60
2014-09-19,1040.88,1073.407,1049.012,48
2014-09-22,1000.22,1065.275,1049.012,104
2014-09-23,1016.484,1073.407,1024.616,104
2014-09-24,992.089,1032.748,992.089,46
2014-09-25,959.561,992.089,959.561,110
2014-09-26,959.561,983.957,959.561,62
2014-09-29,951.429,1016.484,1008.352,90
2014-09-30,975.825,1016.484,1008.352,23
2014-10-01,975.825,1105.935,1024.616,297
2014-10-02,959.561,1024.616,992.089,93
2014-10-03,959.561,1008.352,1008.352,62
2014-10-06,935.166,1008.352,967.693,108
2014-10-07,943.297,959.561,943.297,54
2014-10-08,910.77,967.693,910.77,147
2014-10-09,902.638,959.561,918.902,76
2014-10-10,910.77,927.034,918.902,69
2014-10-13,918.902,1170.99,1049.012,2972
2014-10-14,886.374,1016.484,918.902,527
2014-10-15,894.506,983.957,918.902,277
2014-10-16,902.638,951.429,918.902,125
2014-10-17,927.034,967.693,935.166,151
2014-10-20,918.902,959.561,951.429,76
2014-10-21,927.034,951.429,927.034,63
2014-10-22,886.374,935.166,894.506,169
2014-10-23,829.451,927.034,918.902,191
2014-10-24,878.242,910.77,902.638,42
2014-10-27,878.242,927.034,886.374,55
2014-10-28,878.242,918.902,878.242,34
2014-10-29,886.374,910.77,902.638,47
2014-10-30,886.374,967.693,943.297,115
2014-10-31,886.374,959.561,910.77,77
2014-11-03,878.242,935.166,886.374,27
2014-11-04,837.583,902.638,870.111,60
2014-11-05,837.583,870.111,853.847,55
2014-11-06,845.715,861.979,845.715,37
2014-11-07,829.451,861.979,829.451,70
2014-11-10,829.451,861.979,845.715,16
2014-11-11,837.583,861.979,861.979,35
2014-11-12,837.583,861.979,853.847,37
2014-11-13,748.132,853.847,764.396,316
2014-11-14,683.077,764.396,723.737,266
2014-11-17,715.605,748.132,723.737,28
2014-11-18,691.209,723.737,707.473,106
2014-11-19,691.209,715.605,715.605,25
2014-11-20,626.154,740.001,650.55,321
2014-11-21,650.55,691.209,658.682,159
2014-11-24,658.682,674.946,658.682,60
2014-11-25,634.286,674.946,650.55,158
2014-11-26,642.418,674.946,666.814,153
2014-11-28,634.286,666.814,666.814,180
2014-12-01,634.286,666.814,650.55,113
2014-12-02,577.363,642.418,601.759,189
2014-12-03,577.363,618.022,593.627,137
2014-12-04,569.231,601.759,577.363,121
2014-12-05,577.363,609.891,585.495,34
2014-12-08,569.231,601.759,577.363,106
2014-12-09,569.231,723.737,650.55,1467
2014-12-10,666.814,837.583,796.924,1447
2014-12-11,837.583,1016.484,894.506,2805
2014-12-12,772.528,878.242,829.451,622
2014-12-15,740.001,821.319,780.66,350
2014-12-16,748.132,837.583,764.396,155
2014-12-17,723.737,772.528,748.132,168
2014-12-18,723.737,780.66,780.66,159
2014-12-19,748.132,805.056,788.792,109
2014-12-22,748.132,788.792,748.132,99
2014-12-23,715.605,772.528,723.737,189
2014-12-24,707.473,756.264,756.264,82
2014-12-26,731.869,764.396,748.132,58
2014-12-29,731.869,764.396,764.396,141
2014-12-30,740.001,772.528,748.132,70
2014-12-31,740.001,788.792,772.528,233
2015-01-02,788.792,853.847,845.715,207
2015-01-05,772.528,861.979,796.924,223
2015-01-06,699.341,813.187,764.396,273
2015-01-07,674.946,772.528,691.209,239
2015-01-08,658.682,723.737,723.737,97
2015-01-09,674.946,723.737,715.605,47
2015-01-12,683.077,715.605,707.473,70
2015-01-13,658.682,707.473,707.473,115
2015-01-14,634.286,683.077,650.55,194
2015-01-15,601.759,650.55,626.154,207
2015-01-16,601.759,634.286,626.154,123
2015-01-20,593.627,618.022,609.891,40
2015-01-21,577.363,593.627,593.627,101
2015-01-22,569.231,593.627,577.363,123
2015-01-23,561.099,601.759,569.231,128
2015-01-26,561.099,609.891,585.495,128
2015-01-27,593.627,634.286,618.022,174
2015-01-28,577.363,626.154,577.363,56
2015-01-29,561.099,593.627,577.363,113
2015-01-30,569.231,601.759,577.363,86
2015-02-02,561.099,593.627,569.231,57
2015-02-03,536.704,577.363,569.231,111
2015-02-04,552.967,634.286,585.495,427
2015-02-05,561.099,609.891,569.231,105
2015-02-06,552.967,593.627,585.495,58
2015-02-09,561.099,585.495,577.363,105
2015-02-10,561.099,577.363,569.231,25
2015-02-11,528.572,577.363,536.704,292
2015-02-12,528.572,561.099,544.836,28
2015-02-13,536.704,593.627,569.231,336
2015-02-17,561.099,650.55,634.286,540
2015-02-18,569.231,666.814,585.495,269
2015-02-19,544.836,634.286,552.967,285
2015-02-20,544.836,601.759,569.231,165
2015-02-23,561.099,585.495,569.231,103
2015-02-24,528.572,561.099,561.099,412
2015-02-25,536.704,561.099,561.099,49
2015-02-26,536.704,642.418,642.418,487
2015-02-27,569.231,683.077,569.231,687
2015-03-02,569.231,601.759,585.495,185
2015-03-03,561.099,601.759,569.231,112
2015-03-04,561.099,634.286,626.154,336
2015-03-05,609.891,650.55,609.891,208
2015-03-06,634.286,707.473,707.473,931
2015-03-09,707.473,845.715,772.528,1598
2015-03-10,707.473,788.792,748.132,499
2015-03-11,666.814,764.396,707.473,288
2015-03-12,658.682,748.132,683.077,163
2015-03-13,658.682,691.209,666.814,144
2015-03-16,618.022,691.209,658.682,241
2015-03-17,609.891,642.418,626.154,268
2015-03-18,618.022,658.682,650.55,72
2015-03-19,626.154,715.605,683.077,140
2015-03-20,642.418,715.605,666.814,77
2015-03-23,609.891,674.946,626.154,135
2015-03-24,609.891,642.418,626.154,89
2015-03-25,626.154,658.682,634.286,59
2015-03-26,601.759,650.55,618.022,50
2015-03-27,601.759,650.55,626.154,38
2015-03-30,593.627,626.154,618.022,70
2015-03-31,618.022,650.55,642.418,125
2015-04-01,618.022,780.66,756.264,1391
2015-04-02,634.286,756.264,683.077,508
2015-04-06,650.55,731.869,731.869,186
2015-04-07,683.077,723.737,691.209,141
2015-04-08,658.682,707.473,666.814,155
2015-04-09,650.55,683.077,674.946,121
2015-04-10,650.55,683.077,683.077,82
2015-04-13,772.528,959.561,772.528,4711
2015-04-14,723.737,805.056,740.001,549
2015-04-15,723.737,780.66,756.264,234
2015-04-16,715.605,772.528,715.605,279
2015-04-17,683.077,756.264,699.341,500
2015-04-20,691.209,715.605,691.209,130
2015-04-21,691.209,748.132,707.473,308
2015-04-22,699.341,740.001,715.605,107
2015-04-23,707.473,756.264,748.132,192
2015-04-24,715.605,764.396,715.605,103
2015-04-27,699.341,731.869,707.473,158
2015-04-28,699.341,731.869,715.605,71
2015-04-29,683.077,715.605,683.077,83
2015-04-30,650.55,683.077,650.55,106
2015-05-01,658.682,699.341,683.077,72
2015-05-04,658.682,691.209,683.077,45
2015-05-05,666.814,683.077,683.077,38
2015-05-06,666.814,683.077,666.814,67
2015-05-07,666.814,699.341,683.077,42
2015-05-08,674.946,707.473,691.209,47
2015-05-11,674.946,691.209,691.209,47
2015-05-12,683.077,723.737,707.473,56
2015-05-13,674.946,715.605,699.341,36
2015-05-14,674.946,707.473,683.077,68
2015-05-15,674.946,699.341,683.077,56
2015-05-18,666.814,683.077,674.946,45
2015-05-19,650.55,674.946,650.55,32
2015-05-20,634.286,683.077,658.682,112
2015-05-21,618.022,666.814,618.022,113
2015-05-22,618.022,650.55,626.154,65
2015-05-26,593.627,634.286,601.759,77
2015-05-27,601.759,642.418,601.759,88
2015-05-28,634.286,699.341,674.946,317
2015-05-29,642.418,683.077,642.418,75
2015-06-01,626.154,683.077,650.55,42
2015-06-02,626.154,683.077,626.154,63
2015-06-03,626.154,666.814,650.55,28
2015-06-04,650.55,715.605,699.341,207
2015-06-05,666.814,764.396,691.209,396
2015-06-08,650.55,723.737,666.814,49
2015-06-09,666.814,691.209,691.209,39
2015-06-10,674.946,691.209,674.946,42
2015-06-11,691.209,740.001,723.737,412
2015-06-12,715.605,788.792,756.264,457
2015-06-15,748.132,829.451,788.792,384
2015-06-16,764.396,813.187,764.396,233
2015-06-17,723.737,764.396,723.737,105
2015-06-18,715.605,764.396,756.264,83
2015-06-19,740.001,780.66,748.132,60
2015-06-22,740.001,796.924,796.924,102
2015-06-23,748.132,813.187,780.66,146
2015-06-24,748.132,805.056,772.528,86
2015-06-25,740.001,796.924,788.792,100
2015-06-26,813.187,1000.221,853.847,2563
2015-06-29,780.66,861.979,813.187,316
2015-06-30,796.924,951.429,935.166,615
2015-07-01,853.847,1008.352,894.506,669
2015-07-02,861.979,910.77,886.374,162
2015-07-06,861.979,951.429,902.638,195
2015-07-07,861.979,918.902,878.242,182
2015-07-08,837.583,894.506,853.847,161
2015-07-09,861.979,927.034,902.638,139
2015-07-10,902.638,1040.88,1024.616,688
2015-07-13,1040.88,1260.441,1227.913,1429
2015-07-14,1089.671,1219.781,1130.33,608
2015-07-15,1097.803,1122.199,1097.803,250
2015-07-16,975.825,1130.33,983.957,402
2015-07-17,992.089,1114.067,1073.407,324
2015-07-20,1057.144,1130.33,1073.407,190
2015-07-21,975.825,1081.539,1000.221,279
2015-07-22,935.166,1008.352,935.166,263
2015-07-23,861.979,967.693,886.374,429
2015-07-24,861.979,943.297,910.77,119
2015-07-27,886.374,967.693,918.902,104
2015-07-28,894.506,975.825,943.297,96
2015-07-29,927.034,975.825,975.825,120
2015-07-30,935.166,967.693,967.693,63
2015-07-31,870.111,967.693,870.111,188
2015-08-03,845.715,927.034,870.111,97
2015-08-04,861.979,894.506,878.242,61
2015-08-05,845.715,894.506,853.847,108
2015-08-06,780.66,870.111,805.056,286
2015-08-07,756.264,853.847,813.187,134
2015-08-10,813.187,861.979,829.451,58
2015-08-11,788.792,837.583,821.319,104
2015-08-12,772.528,813.187,813.187,88
2015-08-13,772.528,845.715,780.66,116
2015-08-14,707.473,805.056,748.132,274
2015-08-17,715.605,756.264,748.132,113
2015-08-18,699.341,756.264,740.001,97
2015-08-19,723.737,772.528,748.132,82
2015-08-20,707.473,748.132,731.869,128
2015-08-21,699.341,731.869,731.869,118
2015-08-24,658.682,715.605,683.077,315
2015-08-25,691.209,723.737,707.473,81
2015-08-26,691.209,731.869,715.605,71
2015-08-27,691.209,731.869,731.869,92
2015-08-28,691.209,748.132,707.473,67
2015-08-31,699.341,756.264,731.869,119
2015-09-01,699.341,756.264,748.132,36
2015-09-02,715.605,748.132,715.605,15
2015-09-03,715.605,748.132,731.869,81
2015-09-04,642.418,743.486,743.486,312
2015-09-08,755.103,910.77,769.043,654
2015-09-09,762.073,785.307,771.366,260
2015-09-10,738.839,771.366,755.103,183
2015-09-11,717.928,751.618,743.486,199
2015-09-14,698.18,744.647,720.252,235
2015-09-15,709.796,752.779,748.132,138
2015-09-16,731.869,748.132,743.486,318
2015-09-17,735.354,748.132,743.486,186
2015-09-18,716.767,748.132,727.222,364
2015-09-21,714.443,751.618,724.898,277
2015-09-22,709.796,745.809,736.515,369
2015-09-23,709.796,738.839,712.12,243
2015-09-24,666.814,724.898,685.401,246
2015-09-25,621.508,691.209,626.154,189
2015-09-28,590.142,624.993,619.184,280
2015-09-29,551.806,618.022,570.393,228
2015-09-30,565.746,583.172,576.201,244
2015-10-01,557.614,579.686,568.07,83
2015-10-02,557.614,613.376,612.214,529
2015-10-05,600.597,644.741,628.478,94
2015-10-06,614.537,640.095,624.993,65
2015-10-07,622.669,647.065,624.993,83
2015-10-08,619.184,634.286,628.478,76
2015-10-09,631.963,650.55,631.963,63
2015-10-12,597.112,635.448,604.082,128
2015-10-13,586.657,614.537,590.142,90
2015-10-14,588.98,633.124,598.274,27
2015-10-15,587.818,602.92,599.435,50
2015-10-16,597.112,624.993,609.891,32
2015-10-19,601.759,638.933,606.405,203
2015-10-20,593.627,627.316,597.112,77
2015-10-21,562.261,601.759,565.746,158
2015-10-22,558.776,592.465,575.04,180
2015-10-23,566.908,585.495,571.555,62
2015-10-26,568.07,583.172,570.393,69
2015-10-27,566.908,601.759,569.231,61
2015-10-28,564.584,599.435,588.98,92
2015-10-29,584.333,600.597,585.495,127
2015-10-30,573.878,598.274,594.789,119
2015-11-02,599.435,619.184,609.891,163
2015-11-03,602.92,637.771,628.478,242
2015-11-04,622.669,640.095,635.448,146
2015-11-05,607.567,641.256,607.567,150
2015-11-06,593.627,621.508,619.184,81
2015-11-09,593.627,636.61,613.376,91
2015-11-10,580.848,626.154,612.214,119
2015-11-11,580.848,623.831,587.818,69
2015-11-12,575.04,621.508,579.686,73
2015-11-13,577.363,601.759,582.01,36
2015-11-16,580.848,590.142,586.657,75
2015-11-17,582.01,600.597,595.95,83
2015-11-18,590.142,601.759,591.303,70
2015-11-19,595.95,616.861,607.567,109
2015-11-20,599.435,616.861,611.052,105
2015-11-23,600.597,678.431,664.49,1338
2015-11-24,665.652,809.702,673.784,8767
2015-11-25,647.065,695.856,690.048,862
2015-11-27,679.592,703.988,695.856,228
2015-11-30,628.478,692.371,671.46,415
2015-12-01,634.286,664.49,659.844,216
2015-12-02,634.286,658.682,650.55,222
2015-12-03,629.639,657.52,647.065,185
2015-12-04,640.095,664.49,654.035,250
2015-12-07,629.639,665.652,658.682,317
2015-12-08,624.993,662.167,655.197,88
2015-12-09,631.963,655.197,638.933,90
2015-12-10,629.639,649.388,636.61,49
2015-12-11,604.082,640.095,615.699,119
2015-12-14,579.686,612.214,582.01,189
2015-12-15,555.291,587.818,571.555,216
2015-12-16,562.261,598.274,582.01,76
2015-12-17,566.908,592.465,566.908,65
2015-12-18,564.584,584.333,568.07,76
2015-12-21,564.584,594.789,586.657,114
2015-12-22,580.848,598.274,587.818,135
2015-12-23,586.657,614.537,608.729,111
2015-12-24,592.465,614.537,606.405,21
2015-12-28,578.525,601.759,593.627,114
2015-12-29,570.393,593.627,579.686,141
2015-12-30,563.423,599.435,572.716,230
2015-12-31,540.189,569.231,540.189,621
2016-01-04,522.763,549.482,539.027,72
2016-01-05,539.027,569.231,555.291,75
2016-01-06,528.572,571.555,534.38,111
2016-01-07,511.146,536.704,513.47,318
2016-01-08,512.308,529.734,516.955,205
2016-01-11,500.691,537.865,505.338,555
2016-01-12,415.887,523.925,439.121,394
2016-01-13,354.317,451.9,405.432,258
2016-01-14,396.138,432.151,419.372,203
2016-01-15,376.39,437.96,413.564,112
2016-01-19,422.857,449.576,447.253,145
2016-01-20,411.24,461.193,444.93,119
2016-01-21,453.062,484.427,461.193,44
2016-01-22,444.93,458.87,446.091,50
2016-01-25,429.828,461.193,461.193,57
2016-01-26,443.768,476.295,462.355,42
2016-01-27,434.474,456.547,448.415,109
2016-01-28,429.828,450.738,429.828,160
2016-01-29,432.151,455.385,440.283,79
2016-02-01,426.343,455.385,441.445,98
2016-02-02,415.887,458.87,418.211,117
2016-02-03,365.934,435.636,424.019,200
2016-02-04,411.24,462.355,441.445,94
2016-02-05,414.726,454.223,424.019,59
2016-02-08,393.815,433.313,433.313,63
2016-02-09,397.3,418.211,404.27,59
2016-02-10,403.109,426.343,426.343,12
2016-02-11,399.624,407.755,399.624,23
2016-02-12,397.3,418.211,410.079,33
2016-02-16,407.755,433.313,425.181,44
2016-02-17,432.151,462.355,441.445,84
2016-02-18,413.564,448.415,413.564,31
2016-02-19,407.755,446.091,446.091,419
2016-02-22,412.402,462.355,412.402,509
2016-02-23,407.755,450.738,424.019,263
2016-02-24,404.27,422.857,419.372,129
2016-02-25,407.755,442.606,413.564,651
2016-02-26,407.755,429.828,421.696,130
2016-02-29,399.624,426.343,399.624,121
2016-03-01,401.947,415.887,406.594,53
2016-03-02,413.564,435.636,425.181,55
2016-03-03,414.726,433.313,415.887,56
2016-03-04,413.564,449.576,425.181,363
2016-03-07,430.989,448.415,437.96,72
2016-03-08,428.666,442.606,441.445,110
2016-03-09,437.959,444.93,442.606,30
2016-03-10,433.313,440.283,439.121,6
2016-03-11,422.857,439.121,422.857,12
2016-03-14,425.181,447.253,442.606,38
2016-03-15,429.828,442.606,429.828,12
2016-03-16,418.211,444.93,419.372,37
2016-03-17,420.534,435.636,433.313,8
2016-03-18,428.666,446.091,439.121,31
2016-03-21,434.474,450.738,434.474,148
2016-03-22,425.181,449.576,435.636,82
2016-03-23,425.181,442.606,428.666,168
2016-03-24,418.211,429.828,420.534,58
2016-03-28,407.755,419.372,412.402,62
2016-03-29,403.109,414.726,404.27,50
2016-03-30,406.594,412.402,408.917,24
2016-03-31,403.109,420.534,403.109,112
2016-04-01,399.624,408.917,399.624,160
2016-04-04,384.521,411.241,411.241,236
2016-04-05,406.594,420.534,411.241,50
2016-04-06,390.33,420.534,414.726,93
2016-04-07,411.241,422.857,413.564,124
2016-04-08,410.079,415.887,414.726,23
2016-04-11,406.594,415.887,408.917,132
2016-04-12,406.594,413.564,406.594,49
2016-04-13,397.3,407.755,400.785,118
2016-04-14,405.432,446.091,430.989,111
2016-04-15,422.857,446.091,434.474,32
2016-04-18,419.372,440.283,425.181,70
2016-04-19,407.755,432.151,413.564,75
2016-04-20,404.27,417.049,417.049,32
2016-04-21,411.241,433.313,418.211,44
2016-04-22,408.917,425.181,421.696,18
2016-04-25,415.887,499.529,484.427,604
2016-04-26,460.032,505.338,473.972,63
2016-04-27,468.164,485.589,470.487,63
2016-04-28,458.87,479.781,467.002,72
2016-04-29,464.679,490.236,489.074,90
2016-05-02,462.355,490.236,480.942,138
2016-05-03,464.679,490.236,476.295,102
2016-05-04,462.355,479.781,476.295,162
2016-05-05,447.253,472.81,453.062,49
2016-05-06,429.828,447.253,434.474,28
2016-05-09,411.241,447.253,411.241,42
2016-05-10,393.815,434.474,397.3,461
2016-05-11,371.743,410.079,375.228,89
2016-05-12,368.258,389.168,371.743,45
2016-05-13,356.641,377.551,360.126,50
2016-05-16,360.126,432.151,393.815,57
2016-05-17,383.36,397.3,388.007,25
2016-05-18,379.875,396.138,385.683,129
2016-05-19,374.066,388.007,376.39,31
2016-05-20,372.905,407.755,406.594,105
2016-05-23,388.007,399.624,394.977,56
2016-05-24,394.977,398.462,394.977,30
2016-05-25,384.521,398.462,390.33,23
2016-05-26,375.228,397.3,388.007,34
2016-05-27,383.36,391.492,389.168,20
2016-05-31,383.36,398.462,390.33,27
2016-06-01,391.492,404.27,392.653,63
2016-06-02,386.845,398.462,394.977,51
2016-06-03,377.551,394.977,382.198,16
2016-06-06,383.36,400.785,398.462,50
2016-06-07,390.33,401.947,396.138,39
2016-06-08,382.198,456.547,418.211,1162
2016-06-09,377.551,418.211,383.36,375
2016-06-10,360.126,385.683,363.611,148
2016-06-13,354.317,383.36,358.964,144
2016-06-14,349.671,368.258,364.773,77
2016-06-15,345.024,369.419,347.347,143
2016-06-16,328.76,354.317,335.73,224
2016-06-17,324.113,346.185,326.437,145
2016-06-20,317.143,349.671,331.083,165
2016-06-21,331.083,348.509,343.862,17
2016-06-22,331.083,342.7,332.245,19
2016-06-23,331.083,349.671,349.671,39
2016-06-24,331.083,349.671,347.347,83
2016-06-27,319.466,348.509,322.952,76
2016-06-28,326.437,345.024,334.569,44
2016-06-29,327.598,348.509,348.509,59
2016-06-30,333.407,350.832,336.892,31
2016-07-01,346.185,350.832,349.671,40
2016-07-05,340.377,357.802,357.802,105
2016-07-06,348.509,356.641,355.479,73
2016-07-07,338.054,360.126,360.126,89
2016-07-08,354.317,375.228,364.773,167
2016-07-11,349.671,372.905,353.156,80
2016-07-12,355.479,375.228,365.934,58
2016-07-13,353.156,390.33,354.317,29
2016-07-14,350.832,364.773,355.479,15
2016-07-15,332.245,372.904,345.024,125
2016-07-18,346.186,360.126,356.641,31
2016-07-19,342.7,376.39,345.024,154
2016-07-20,341.539,355.479,342.7,41
2016-07-21,340.377,358.964,347.347,86
2016-07-22,336.892,358.964,347.347,60
2016-07-25,336.892,341.539,341.539,42
2016-07-26,339.215,350.832,348.509,58
2016-07-27,354.317,360.126,357.802,73
2016-07-28,360.126,364.773,361.288,54
2016-07-29,347.347,370.581,357.802,29
2016-08-01,354.317,370.581,360.126,41
2016-08-02,354.317,372.905,358.964,25
2016-08-03,356.641,371.743,356.641,46
2016-08-04,358.964,362.449,360.126,75
2016-08-05,354.317,362.449,354.317,32
2016-08-08,354.317,361.288,356.641,21
2016-08-09,354.317,358.964,354.317,35
2016-08-10,346.185,349.671,347.347,30
2016-08-11,345.024,357.802,347.347,50
2016-08-12,345.024,350.832,346.185,35
2016-08-15,348.509,360.126,354.317,73
2016-08-16,348.509,361.288,349.671,40
2016-08-17,347.347,362.449,348.509,56
2016-08-18,349.671,357.802,351.994,71
2016-08-19,351.994,360.126,354.317,31
2016-08-22,349.671,356.641,351.994,33
2016-08-23,345.024,360.126,345.024,45
2016-08-24,336.892,348.509,336.892,76
2016-08-25,334.569,348.509,334.569,53
2016-08-26,319.466,336.892,331.083,168
2016-08-29,328.76,346.185,346.185,89
2016-08-30,328.76,336.892,328.76,55
2016-08-31,328.76,336.892,329.922,17
2016-09-01,325.275,334.569,329.922,97
2016-09-02,328.76,334.569,334.569,30
2016-09-06,326.437,336.892,331.083,81
2016-09-07,327.598,336.892,331.083,47
2016-09-08,331.083,342.7,339.215,81
2016-09-09,339.215,350.832,346.185,60
2016-09-12,340.377,360.126,353.156,140
2016-09-13,332.245,354.317,340.377,73
2016-09-14,342.7,358.964,354.317,88
2016-09-15,340.377,361.288,346.185,110
2016-09-16,338.054,361.288,338.054,199
2016-09-19,326.437,347.347,342.7,30
2016-09-20,334.569,347.347,338.054,95
2016-09-21,333.407,342.7,336.892,78
2016-09-22,333.407,345.024,342.7,77
2016-09-23,324.113,342.7,331.083,151
2016-09-26,329.922,340.377,336.892,52
2016-09-27,332.245,342.7,338.054,31
2016-09-28,336.892,341.539,338.054,44
2016-09-29,327.598,339.215,331.083,59
2016-09-30,326.437,336.892,328.76,39
2016-10-03,322.952,331.083,325.275,62
2016-10-04,322.952,326.437,325.275,26
2016-10-05,326.437,334.569,334.569,57
2016-10-06,319.466,332.245,327.598,59
2016-10-07,305.526,327.598,309.011,150
2016-10-10,306.688,318.305,307.85,202
2016-10-11,295.071,305.526,295.071,59
2016-10-12,274.16,295.071,289.262,213
2016-10-13,285.777,292.747,286.939,26
2016-10-14,286.939,292.747,286.939,81
2016-10-17,278.807,295.071,292.747,32
2016-10-18,284.616,299.718,298.556,59
2016-10-19,276.484,293.909,293.909,31
2016-10-20,290.424,297.394,295.071,6
2016-10-21,288.101,293.909,292.747,19
2016-10-24,288.101,296.233,290.424,32
2016-10-25,288.101,296.233,288.101,95
2016-10-26,285.777,290.424,288.101,25
2016-10-27,262.543,290.424,278.807,123
2016-10-28,249.765,272.999,255.573,113
2016-10-31,255.573,267.19,255.573,27
2016-11-01,249.765,257.897,249.765,14
2016-11-02,255.573,284.616,267.19,40
2016-11-03,256.735,272.999,267.19,19
2016-11-04,261.382,270.675,261.382,48
2016-11-07,261.382,266.028,261.382,16
2016-11-08,249.765,267.19,249.765,64
2016-11-09,249.765,284.616,261.382,51
2016-11-10,249.765,282.292,267.19,381
2016-11-11,269.514,284.616,272.999,248
2016-11-14,272.999,290.424,288.101,153
2016-11-15,255.573,290.424,267.19,179
2016-11-16,261.382,272.999,272.999,37
2016-11-17,267.19,272.999,272.999,8
2016-11-18,267.19,300.879,272.999,378
2016-11-21,267.19,290.424,267.19,82
2016-11-22,267.19,278.807,267.19,69
2016-11-23,267.19,296.233,267.19,66
2016-11-25,267.19,290.424,278.807,57
2016-11-28,272.999,278.807,278.807,21
2016-11-29,272.999,311.335,278.807,403
2016-11-30,272.999,288.101,272.999,165
2016-12-01,272.999,299.718,278.807,210
2016-12-02,269.514,290.424,269.514,209
2016-12-05,267.19,281.13,271.837,195
2016-12-06,261.382,278.807,272.999,138
2016-12-07,270.675,284.616,284.616,37
2016-12-08,272.999,290.424,272.999,98
2016-12-09,278.807,290.424,278.807,124
2016-12-12,261.382,278.807,278.807,211
2016-12-13,267.19,278.807,267.19,57
2016-12-14,267.19,278.807,267.19,43
2016-12-15,267.19,272.999,271.837,138
2016-12-16,267.19,278.807,278.807,127
2016-12-19,272.999,278.807,272.999,178
2016-12-20,296.233,336.892,302.041,1711
2016-12-21,302.041,320.628,302.041,353
2016-12-22,302.041,325.275,313.658,198
2016-12-23,313.658,348.509,342.7,145
2016-12-27,336.892,348.509,336.892,149
2016-12-28,325.275,342.7,336.892,250
2016-12-29,336.892,342.7,342.7,100
2016-12-30,320.628,348.509,331.083,231
2017-01-03,313.658,336.892,314.82,187
2017-01-04,313.658,331.083,313.658,119
2017-01-05,302.041,325.275,325.275,74
2017-01-06,319.466,325.275,325.275,38
2017-01-09,325.275,336.892,331.083,149
2017-01-10,325.275,331.083,331.083,48
2017-01-11,325.275,331.083,325.275,156
2017-01-12,319.466,331.083,331.083,146
2017-01-13,319.466,326.437,319.466,85
2017-01-17,295.071,325.275,307.85,405
2017-01-18,302.041,313.658,307.85,80
2017-01-19,296.233,307.85,296.233,88
2017-01-20,296.233,325.275,313.658,142
2017-01-23,290.424,325.275,305.526,167
2017-01-24,290.424,302.041,296.233,84
2017-01-25,296.233,305.526,296.233,37
2017-01-26,296.233,302.041,299.718,29
2017-01-27,296.233,302.041,302.041,95
2017-01-30,290.424,302.041,296.233,28
2017-01-31,284.616,319.466,307.85,91
2017-02-01,293.909,307.85,293.909,45
2017-02-02,284.616,296.233,290.424,46
2017-02-03,290.424,296.233,290.424,22
2017-02-06,284.616,325.275,291.586,98
2017-02-07,296.233,307.85,302.041,62
2017-02-08,296.233,302.041,299.718,74
2017-02-09,296.233,300.879,299.718,48
2017-02-10,296.233,302.041,296.233,39
2017-02-13,296.233,307.85,296.233,35
2017-02-14,296.233,309.011,296.233,34
2017-02-15,296.233,306.688,302.041,81
2017-02-16,290.424,302.041,290.424,118
2017-02-17,290.424,302.041,296.233,186
2017-02-21,295.071,302.041,296.233,114
2017-02-22,296.233,302.041,302.041,107
2017-02-23,290.424,302.041,296.233,56
2017-02-24,290.424,302.041,299.718,21
2017-02-27,290.424,302.041,302.041,226
2017-02-28,296.233,311.335,296.233,114
2017-03-01,290.424,302.041,296.233,47
2017-03-02,290.424,302.041,296.233,131
2017-03-03,296.233,305.526,296.233,82
2017-03-06,290.424,302.041,296.233,82
2017-03-07,278.807,296.233,278.807,167
2017-03-08,272.999,296.233,288.101,931
2017-03-09,290.424,302.041,290.424,563
2017-03-10,284.616,302.041,290.424,394
2017-03-13,278.807,302.041,284.616,182
2017-03-14,272.999,290.424,272.999,346
2017-03-15,272.999,299.718,290.424,266
2017-03-16,290.424,302.041,296.233,150
2017-03-17,292.747,307.85,302.041,308
2017-03-20,278.807,307.85,284.616,125
2017-03-21,278.807,296.233,290.424,81
2017-03-22,278.807,296.233,284.616,23
2017-03-23,278.807,290.424,290.424,44
2017-03-24,289.262,313.658,307.85,177
2017-03-27,296.233,307.85,299.718,203
2017-03-28,290.424,307.85,296.233,75
2017-03-29,290.424,302.041,302.041,28
2017-03-30,296.233,307.85,296.233,77
2017-03-31,272.999,302.041,296.233,237
2017-04-03,278.807,296.233,278.807,143
2017-04-04,278.807,290.424,284.616,86
2017-04-05,272.999,290.424,272.999,115
2017-04-06,272.999,284.616,284.616,57
2017-04-07,272.999,284.616,272.999,174
2017-04-10,272.999,284.616,284.616,31
2017-04-11,272.999,278.807,272.999,47
2017-04-12,267.19,278.807,267.19,75
2017-04-13,267.19,278.807,278.807,31
2017-04-17,272.999,278.807,272.999,5
2017-04-18,272.999,278.807,272.999,17
2017-04-19,272.999,278.807,276.484,61
2017-04-20,275.322,302.041,296.233,85
2017-04-21,291.586,302.041,302.041,12
2017-04-24,290.424,296.233,296.233,16
2017-04-25,290.424,296.233,290.424,17
2017-04-26,276.484,302.041,296.233,100
2017-04-27,307.85,319.466,313.658,226
2017-04-28,307.85,319.466,307.85,86
2017-05-01,302.041,313.658,307.85,52
2017-05-02,290.424,320.628,290.424,234
2017-05-03,284.616,296.233,296.233,41
2017-05-04,285.777,299.718,288.101,57
2017-05-05,278.807,284.616,278.807,38
2017-05-08,284.616,296.233,296.233,119
2017-05-09,272.999,290.424,278.807,127
2017-05-10,278.807,285.777,278.807,52
2017-05-11,275.322,284.616,278.807,8
2017-05-12,272.999,278.807,272.999,66
2017-05-15,275.322,284.616,283.454,23
2017-05-16,278.807,283.454,278.807,27
2017-05-17,278.807,284.616,278.807,6
2017-05-18,278.807,284.616,278.807,23
2017-05-19,278.807,284.616,284.616,25
2017-05-22,278.807,290.424,278.807,44
2017-05-23,272.999,284.616,272.999,31
2017-05-24,272.999,284.616,284.616,9
2017-05-25,272.999,278.807,272.999,23
2017-05-26,272.999,278.807,272.999,44
2017-05-30,272.999,284.616,284.616,39
2017-05-31,278.807,284.616,278.807,13
2017-06-01,278.807,284.616,278.807,9
2017-06-02,272.999,278.807,272.999,80
2017-06-05,267.19,284.616,272.999,201
2017-06-06,267.19,272.999,272.999,81
2017-06-07,267.19,278.807,267.19,137
2017-06-08,249.765,278.807,267.19,163
2017-06-09,267.19,278.807,267.19,38
2017-06-12,261.382,272.999,261.382,344
2017-06-13,261.382,272.999,270.675,33
2017-06-14,261.382,283.454,261.382,88
2017-06-15,261.382,272.999,272.999,22
2017-06-16,267.19,278.807,267.19,23
2017-06-19,261.382,267.19,267.19,156
2017-06-20,270.675,296.233,272.999,3715
2017-06-21,272.999,284.616,284.616,705
2017-06-22,272.999,290.424,284.616,598
2017-06-23,272.999,290.424,272.999,314
2017-06-26,278.807,290.424,290.424,124
2017-06-27,284.616,302.041,284.616,263
2017-06-28,276.484,284.616,278.807,356
2017-06-29,272.999,284.616,278.807,130
2017-06-30,272.999,284.616,278.807,425
2017-07-03,272.999,284.616,272.999,578
2017-07-05,272.999,284.616,272.999,972
2017-07-06,272.999,284.616,284.616,1444
2017-07-07,288.101,307.85,302.041,944
2017-07-10,299.718,313.658,307.85,1245
2017-07-11,299.718,314.82,302.041,727
2017-07-12,296.233,302.041,302.041,304
2017-07-13,278.807,302.041,284.616,966
2017-07-14,278.807,296.233,278.807,719
2017-07-17,275.322,290.424,290.424,957
2017-07-18,278.807,296.233,278.807,918
2017-07-19,284.616,290.424,288.101,5048
2017-07-20,284.616,290.424,288.101,1006
2017-07-21,278.807,290.424,281.13,1085
2017-07-24,272.999,284.616,284.616,1304
2017-07-25,272.999,288.101,278.807,1594
2017-07-26,272.999,284.616,276.484,1000
2017-07-27,220.722,278.807,247.441,3908
2017-07-28,231.178,255.573,238.148,1160
2017-07-31,191.68,243.956,214.914,3389
2017-08-01,191.68,226.531,220.722,2136
2017-08-02,210.267,232.339,220.722,554
2017-08-03,209.105,247.441,238.148,1241
2017-08-04,211.429,243.956,220.722,898
2017-08-07,214.914,226.531,220.722,629
2017-08-08,212.59,226.531,212.59,514
2017-08-09,191.68,214.914,197.488,1420
2017-08-10,156.829,209.105,168.446,2781
2017-08-11,156.829,174.254,168.446,1359
2017-08-14,151.021,167.284,154.506,1106
2017-08-15,133.595,156.829,133.595,1320
2017-08-16,131.272,139.404,139.404,663
2017-08-17,131.272,145.212,145.212,602
2017-08-18,133.595,147.535,147.535,401
2017-08-21,133.595,145.212,133.595,367
2017-08-22,121.978,133.595,121.978,640
2017-08-23,121.978,133.595,127.787,144
2017-08-24,127.787,139.404,133.595,232
2017-08-25,133.595,139.404,137.08,159
2017-08-28,127.787,139.404,127.787,116
2017-08-29,127.787,133.595,133.595,123
2017-08-30,121.978,133.595,121.978,448
2017-08-31,121.978,133.595,127.787,203
2017-09-01,127.787,133.595,127.787,219
2017-09-05,127.787,133.595,133.595,108
2017-09-06,127.787,133.595,133.595,180
2017-09-07,127.787,139.404,127.787,233
2017-09-08,131.272,139.404,139.404,150
2017-09-11,133.595,139.404,138.242,82
2017-09-12,133.595,139.404,139.404,70
2017-09-13,133.595,147.535,139.404,489
2017-09-14,139.404,151.021,145.212,288
2017-09-15,139.404,156.829,139.404,400
2017-09-18,133.595,147.535,133.595,323
2017-09-19,133.595,139.404,133.595,109
2017-09-20,133.595,139.404,139.404,204
2017-09-21,133.595,139.404,137.08,82
2017-09-22,133.595,139.404,139.404,227
2017-09-25,127.787,139.404,133.595,63
2017-09-26,133.595,139.404,138.242,242
2017-09-27,133.595,139.404,134.757,350
2017-09-28,127.787,139.404,133.595,245
2017-09-29,127.787,139.404,133.595,150
2017-10-02,127.787,139.404,133.595,342
2017-10-03,131.272,156.829,151.021,1161
2017-10-04,145.212,180.063,180.063,1548
2017-10-05,168.446,197.488,174.254,1856
2017-10-06,156.829,191.68,174.254,536
2017-10-09,162.637,191.68,191.68,522
2017-10-10,168.446,191.68,174.254,306
2017-10-11,168.446,185.871,180.063,209
2017-10-12,168.446,185.871,174.254,218
2017-10-13,168.446,180.063,180.063,321
2017-10-16,156.829,180.063,160.314,326
2017-10-17,156.829,162.637,156.829,92
2017-10-18,156.829,162.637,162.637,109
2017-10-19,151.021,159.152,151.021,142
2017-10-20,145.212,156.829,145.212,246
2017-10-23,146.374,156.829,156.829,190
2017-10-24,145.212,156.829,147.535,156
2017-10-25,145.212,156.829,154.506,85
2017-10-26,151.021,156.829,155.667,13
2017-10-27,145.212,156.829,151.021,98
2017-10-30,139.404,151.021,139.404,223
2017-10-31,139.404,151.021,140.565,106
2017-11-01,140.565,147.535,142.889,25
2017-11-02,139.404,144.05,140.565,22
2017-11-03,139.404,142.889,142.889,32
2017-11-06,134.757,145.212,139.404,206
2017-11-07,138.242,142.889,139.404,214
2017-11-08,133.595,139.404,137.08,130
2017-11-09,133.595,139.404,139.404,123
2017-11-10,133.595,139.404,133.595,87
2017-11-13,133.595,139.404,137.08,258
2017-11-14,133.595,139.404,134.757,97
2017-11-15,133.595,139.404,139.404,69
2017-11-16,151.021,232.339,168.446,9091
2017-11-17,156.829,180.063,168.446,1161
2017-11-20,162.637,174.254,174.254,488
2017-11-21,168.446,174.254,171.931,385
2017-11-22,168.446,173.093,171.931,73
2017-11-24,162.637,174.254,168.446,94
2017-11-27,151.021,169.608,156.829,328
2017-11-28,145.212,162.637,145.212,299
2017-11-29,145.212,151.021,145.212,128
2017-11-30,142.889,156.829,151.021,377
2017-12-01,146.374,162.637,156.829,117
2017-12-04,145.212,156.829,146.374,198
2017-12-05,145.212,154.506,147.535,89
2017-12-06,145.212,151.021,151.021,160
2017-12-07,145.212,151.021,145.212,174
2017-12-08,145.212,151.021,145.212,299
2017-12-11,145.212,155.667,151.021,633
2017-12-12,145.212,156.829,151.021,153
2017-12-13,151.021,168.446,168.446,449
2017-12-14,156.829,174.254,160.314,209
2017-12-15,156.829,168.446,168.446,209
2017-12-18,156.829,174.254,162.637,163
2017-12-19,162.637,168.446,166.123,224
2017-12-20,162.637,168.446,162.637,241
2017-12-21,156.829,168.446,156.829,87
2017-12-22,156.829,162.637,162.637,81
2017-12-26,151.021,162.637,151.021,215
2017-12-27,151.021,162.637,157.991,208
2017-12-28,156.829,162.637,156.829,166
2017-12-29,155.667,162.637,156.829,225
2018-01-02,156.829,162.637,156.829,149
2018-01-03,156.829,178.901,168.446,381
2018-01-04,168.446,180.063,174.254,1603
2018-01-05,168.446,180.063,174.254,1194
2018-01-08,174.254,214.914,191.68,5179
2018-01-09,191.68,220.722,206.782,6476
2018-01-10,197.488,209.105,203.297,2337
2018-01-11,191.68,209.105,203.297,1704
2018-01-12,185.871,203.297,191.68,2728
2018-01-16,185.871,197.488,191.68,2254
2018-01-17,180.063,197.488,185.871,4512
2018-01-18,180.063,191.68,180.063,1637
2018-01-19,180.063,191.68,185.871,1466
2018-01-22,185.871,197.488,191.68,1284
2018-01-23,187.033,203.297,195.165,2668
2018-01-24,197.488,209.105,203.297,2074
2018-01-25,203.297,220.722,214.914,2676
2018-01-26,209.105,220.722,218.399,1628
2018-01-29,210.267,226.531,220.722,1368
2018-01-30,197.488,221.884,209.105,3204
2018-01-31,191.68,213.752,191.68,1148
2018-02-01,191.68,209.105,203.297,591
2018-02-02,191.68,206.782,195.165,904
2018-02-05,168.446,197.488,185.871,1783
2018-02-06,174.254,191.68,189.356,856
2018-02-07,185.871,197.488,191.68,627
2018-02-08,185.871,203.297,185.871,810
2018-02-09,174.254,197.488,185.871,1625
2018-02-12,180.063,185.871,180.063,539
2018-02-13,180.063,185.871,185.871,433
2018-02-14,181.225,185.871,185.871,415
2018-02-15,180.063,191.68,191.68,737
2018-02-16,185.871,191.68,191.68,438
2018-02-20,191.68,203.297,191.68,594
2018-02-21,180.063,197.488,180.063,815
2018-02-22,180.063,185.871,180.063,476
2018-02-23,180.063,185.871,185.871,305
2018-02-26,52.276,87.127,52.276,48343
2018-02-27,58.085,75.51,74.349,38289
2018-02-28,75.51,112.685,94.097,64702
2018-03-01,77.834,105.714,83.642,21255
2018-03-02,75.51,83.642,80.157,7971
2018-03-05,75.51,87.127,78.995,7195
2018-03-06,75.51,81.319,78.995,5352
2018-03-07,75.51,80.157,78.995,4101
2018-03-08,70.863,78.995,72.025,4984
2018-03-09,67.378,77.834,75.51,4518
2018-03-12,70.863,75.51,73.187,2737
2018-03-13,68.54,74.349,70.863,1887
2018-03-14,68.54,82.48,82.48,8543
2018-03-15,74.349,85.966,76.672,3750
2018-03-16,73.187,77.834,75.51,1519
2018-03-19,69.702,77.834,75.51,5210
2018-03-20,68.54,76.672,72.025,5316
2018-03-21,69.702,75.51,72.025,4988
2018-03-22,69.702,74.349,70.863,1718
2018-03-23,60.408,73.187,63.893,5225
2018-03-26,55.761,63.893,59.247,4687
2018-03-27,58.085,61.57,60.408,4843
2018-03-28,53.438,60.408,56.923,2453
2018-03-29,55.761,59.247,58.085,1231
2018-04-02,56.923,61.57,60.408,3259
2018-04-03,56.923,61.57,56.923,1324
2018-04-04,53.438,58.085,58.085,1287
2018-04-05,56.923,61.57,59.247,1113
2018-04-06,56.923,60.408,59.247,1094
2018-04-09,56.923,61.57,59.247,597
2018-04-10,56.923,60.408,58.085,470
2018-04-11,56.923,60.408,59.247,728
2018-04-12,58.085,68.54,63.893,3555
2018-04-13,61.57,66.217,66.217,1618
2018-04-16,61.57,65.055,62.732,758
2018-04-17,61.57,66.217,62.732,1242
2018-04-18,61.57,75.51,70.863,8188
2018-04-19,62.732,73.187,66.217,2305
2018-04-20,63.893,70.863,65.055,1017
2018-04-23,63.893,69.702,66.217,3462
2018-04-24,60.408,66.217,60.408,1019
2018-04-25,60.408,63.893,60.408,467
2018-04-26,60.408,66.217,61.57,586
2018-04-27,60.408,65.055,60.408,876
2018-04-30,58.085,61.57,60.408,698
2018-05-01,59.247,62.732,60.408,340
2018-05-02,59.247,60.408,59.247,548
2018-05-03,55.761,61.57,56.923,1216
2018-05-04,56.923,59.247,59.247,593
2018-05-07,59.247,60.408,59.247,447
2018-05-08,59.247,62.732,61.57,568
2018-05-09,59.247,61.57,61.57,514
2018-05-10,67.378,101.068,70.863,46632
2018-05-11,62.732,77.834,63.893,7583
2018-05-14,65.055,72.025,69.702,1920
2018-05-15,65.055,72.025,65.055,2009
2018-05-16,63.893,69.702,65.055,1386
2018-05-17,63.893,66.217,66.217,1913
2018-05-18,65.055,67.378,66.217,1048
2018-05-21,65.055,76.672,74.349,9196
2018-05-22,69.702,80.157,72.025,7246
2018-05-23,69.702,77.834,75.51,5546
2018-05-24,69.702,75.51,73.187,2131
2018-05-25,69.702,76.672,73.187,2378
2018-05-29,58.085,77.834,61.57,9881
2018-05-30,59.247,62.732,60.408,2421
2018-05-31,59.247,68.54,65.055,1774
2018-06-01,63.893,67.378,65.055,1321
2018-06-04,59.247,66.217,62.732,1403
2018-06-05,61.57,66.217,62.732,713
2018-06-06,61.57,66.217,61.57,776
2018-06-07,61.57,66.217,62.732,1256
2018-06-08,61.57,63.893,61.57,935
2018-06-11,60.408,62.732,60.408,521
2018-06-12,60.408,63.893,61.57,1245
2018-06-13,60.408,63.893,61.57,989
2018-06-14,59.247,62.732,59.247,1194
2018-06-15,59.247,81.319,65.055,18464
2018-06-18,61.57,66.217,62.732,1695
2018-06-19,60.408,62.732,60.408,1355
2018-06-20,59.247,62.732,60.408,1156
2018-06-21,60.408,62.732,60.408,764
2018-06-22,60.408,62.732,61.57,890
2018-06-25,60.408,61.57,60.408,425
2018-06-26,60.408,61.57,61.57,879
2018-06-27,60.408,65.055,62.732,2819
2018-06-28,61.57,73.187,66.217,4373
2018-06-29,63.893,69.702,65.055,1081
2018-07-02,62.732,69.702,65.055,856
2018-07-03,60.408,66.217,62.732,868
2018-07-05,63.893,66.217,65.055,976
2018-07-06,62.732,66.217,63.893,606
2018-07-09,63.893,65.055,65.055,475
2018-07-10,63.893,70.863,67.378,3060
2018-07-11,63.893,74.349,65.055,2149
2018-07-12,63.893,68.54,67.378,649
2018-07-13,63.893,70.863,69.702,1131
2018-07-16,66.217,72.025,68.54,1288
2018-07-17,66.217,69.702,67.378,750
2018-07-18,65.055,68.54,67.378,1025
2018-07-19,66.217,68.54,66.217,682
2018-07-20,65.055,69.702,68.54,942
2018-07-23,65.055,68.54,66.217,1198
2018-07-24,66.217,68.54,67.378,792
2018-07-25,66.217,74.349,72.025,3010
2018-07-26,66.217,73.187,70.863,2746
2018-07-27,66.217,70.863,67.378,1215
2018-07-30,67.378,95.259,95.259,23252
2018-07-31,85.966,148.697,96.421,120730
2018-08-01,76.672,90.612,78.995,8642
2018-08-02,76.672,103.391,85.966,19215
2018-08-03,83.642,94.097,87.127,5741
2018-08-06,83.642,91.774,87.127,4091
2018-08-07,80.157,87.127,80.157,3984
2018-08-08,75.51,83.642,77.834,3178
2018-08-09,75.51,80.157,80.157,1091
2018-08-10,75.51,78.995,76.672,1256
2018-08-13,69.702,77.834,70.863,2547
2018-08-14,70.863,74.349,72.025,948
2018-08-15,69.702,72.025,69.702,585
2018-08-16,66.217,72.025,69.702,922
2018-08-17,63.893,69.702,66.217,1632
2018-08-20,65.055,68.54,67.378,1000
2018-08-21,66.217,75.51,72.025,4212
2018-08-22,66.217,75.51,67.378,2622
2018-08-23,65.055,70.863,67.378,466
2018-08-24,67.378,69.702,67.378,755
2018-08-27,66.217,70.863,69.702,1508
2018-08-28,67.378,73.187,69.702,1074
2018-08-29,68.54,73.187,70.863,695
2018-08-30,70.863,73.187,72.025,898
2018-08-31,70.863,73.187,72.025,472
2018-09-04,70.863,73.187,72.025,835
2018-09-05,67.378,73.187,68.54,709
2018-09-06,66.217,69.702,68.54,825
2018-09-07,65.055,69.702,65.055,758
2018-09-10,63.893,66.217,66.217,553
2018-09-11,63.893,69.702,66.217,3078
2018-09-12,63.893,68.54,65.055,1388
2018-09-13,61.57,66.217,62.732,1212
2018-09-14,59.247,62.732,61.57,891
2018-09-17,60.408,62.732,60.408,539
2018-09-18,59.247,61.57,60.408,655
2018-09-19,58.085,62.732,61.57,718
2018-09-20,60.408,61.57,60.408,391
2018-09-21,59.247,63.893,59.247,2498
2018-09-24,59.247,62.732,60.408,813
2018-09-25,60.408,77.834,65.055,7878
2018-09-26,60.408,67.378,61.57,1466
2018-09-27,61.57,65.055,62.732,512
2018-09-28,61.57,66.217,65.055,1255
2018-10-01,67.378,121.978,118.493,39677
2018-10-02,68.54,98.744,76.672,23048
2018-10-03,69.702,92.936,80.157,8617
2018-10-04,76.672,87.127,80.157,2433
2018-10-05,72.025,84.804,76.672,3786
2018-10-08,72.025,76.672,75.51,1125
2018-10-09,69.702,74.349,72.025,1923
2018-10-10,67.378,70.863,68.54,1162
2018-10-11,63.893,69.702,65.055,768
2018-10-12,66.217,69.702,69.702,477
2018-10-15,65.055,78.995,73.187,3325
2018-10-16,68.54,78.995,75.51,1161
2018-10-17,72.025,78.995,75.51,425
2018-10-18,69.702,74.349,73.187,438
2018-10-19,68.54,73.187,73.187,569
2018-10-22,68.54,73.187,72.025,455
2018-10-23,66.217,70.863,67.378,678
2018-10-24,63.893,68.54,65.055,778
2018-10-25,63.893,67.378,63.893,308
2018-10-26,63.893,67.378,65.055,709
2018-10-29,65.055,72.025,66.217,857
2018-10-30,63.893,69.702,65.055,282
2018-10-31,65.055,87.127,78.995,12955
2018-11-01,69.702,85.966,78.995,4107
2018-11-02,74.349,89.451,89.451,8318
2018-11-05,82.48,103.391,101.068,15001
2018-11-06,88.289,101.068,91.774,9122
2018-11-07,89.451,98.744,92.936,4343
2018-11-08,87.127,95.259,94.097,2096
2018-11-09,80.157,92.936,82.48,3329
2018-11-12,81.319,85.966,82.48,1297
2018-11-13,78.995,84.804,83.642,758
2018-11-14,73.187,82.48,77.834,1563
2018-11-15,58.085,69.702,62.732,4384
2018-11-16,62.732,69.702,65.055,919
2018-11-19,59.247,65.055,62.732,1217
2018-11-20,59.247,62.732,61.57,629
2018-11-21,59.247,61.57,60.408,816
2018-11-23,59.247,63.893,62.732,234
2018-11-26,61.57,65.055,61.57,881
2018-11-27,61.57,65.055,61.57,367
2018-11-28,60.408,63.893,63.893,453
2018-11-29,60.408,63.893,61.57,265
2018-11-30,59.247,62.732,60.408,551
2018-12-03,59.247,62.732,60.408,546
2018-12-04,59.247,61.57,59.247,556
2018-12-06,58.085,60.408,58.085,358
2018-12-07,58.085,63.893,59.247,1350
2018-12-10,58.085,60.408,59.247,476
2018-12-11,58.085,61.57,58.085,209
2018-12-12,58.085,63.893,60.408,1226
2018-12-13,58.085,61.57,58.085,198
2018-12-14,58.085,61.57,60.408,221
2018-12-17,58.085,60.408,59.247,420
2018-12-18,53.438,59.247,54.6,1155
2018-12-19,52.276,56.923,52.276,599
2018-12-20,37.174,54.6,39.498,2759
2018-12-21,33.689,42.983,33.689,2150
2018-12-24,34.851,38.336,36.013,497
2018-12-26,31.366,37.174,32.527,988
2018-12-27,31.366,37.174,32.527,1064
2018-12-28,30.204,36.013,36.013,683
2018-12-31,34.851,38.336,38.336,284
2019-01-02,36.013,40.659,38.336,604
2019-01-03,38.336,40.659,39.498,660
2019-01-04,38.336,48.791,44.144,1638
2019-01-07,42.983,47.63,44.144,394
2019-01-08,41.821,46.468,42.983,531
2019-01-09,41.821,44.144,44.144,345
2019-01-10,41.821,45.306,45.306,352
2019-01-11,41.821,45.306,45.306,416
2019-01-14,42.983,48.791,47.63,1303
2019-01-15,42.983,47.63,47.63,511
2019-01-16,44.144,47.63,47.63,233
2019-01-17,44.144,47.63,46.468,99
2019-01-18,45.306,49.953,48.791,243
2019-01-22,47.63,49.953,49.953,340
2019-01-23,46.468,49.953,46.468,200
2019-01-24,46.468,49.953,47.63,190
2019-01-25,47.63,49.953,48.791,251
2019-01-28,47.63,49.953,49.953,181
2019-01-29,48.791,52.276,51.115,380
2019-01-30,46.468,51.115,51.115,651
2019-01-31,46.468,51.115,48.791,586
2019-02-01,47.63,49.953,48.791,519
2019-02-04,47.63,48.791,48.791,216
2019-02-05,46.468,51.115,46.468,2788
2019-02-06,45.306,48.791,45.306,709
2019-02-07,44.144,47.63,45.306,304
2019-02-08,42.983,45.306,42.983,503
2019-02-11,41.821,45.306,41.821,630
2019-02-12,40.659,45.306,44.144,495
2019-02-13,42.983,47.63,47.63,592
2019-02-14,42.983,49.953,46.468,1571
2019-02-15,44.144,47.63,45.306,539
2019-02-19,44.144,46.468,45.306,250
2019-02-20,59.247,112.685,59.247,120083
2019-02-21,49.953,69.702,55.761,33076
2019-02-22,48.791,60.408,53.438,15932
2019-02-25,48.791,53.438,51.115,4499
2019-02-26,46.468,54.6,54.6,9464
2019-02-27,49.953,55.761,53.438,2952
2019-02-28,47.63,73.187,54.6,11703
2019-03-01,53.438,58.085,54.6,1808
2019-03-04,51.115,55.761,53.438,2426
2019-03-05,51.115,54.6,53.438,1102
2019-03-06,51.115,63.893,53.438,12186
2019-03-07,51.115,55.761,52.276,3176
2019-03-08,48.791,52.276,49.953,1986
2019-03-11,48.791,52.276,49.953,867
2019-03-12,47.63,52.276,51.115,2512
2019-03-13,46.468,48.791,47.63,2703
2019-03-14,46.468,49.953,48.791,10033
2019-03-15,44.144,47.63,45.306,3489
2019-03-18,45.306,51.115,46.468,9472
2019-03-19,44.144,47.63,46.468,3546
2019-03-20,44.144,49.953,48.791,2984
2019-03-21,46.468,48.791,47.63,1156
2019-03-22,42.983,47.63,45.306,1815
2019-03-25,42.983,45.306,44.144,919
2019-03-26,41.821,45.306,45.306,2825
2019-03-27,44.144,48.791,44.144,2750
2019-03-28,42.983,44.144,42.983,831
2019-03-29,41.821,44.144,42.983,988
2019-04-01,41.821,44.144,42.983,989
2019-04-02,37.174,41.821,39.498,6756
2019-04-03,33.689,40.659,38.336,5008
2019-04-04,33.754,44.209,36.271,64617
2019-04-05,33.883,38.594,36.852,27883
2019-04-08,34.206,37.755,34.851,28742
2019-04-09,35.238,38.401,37.11,11475
2019-04-10,35.884,40.982,38.207,20300
2019-04-11,36.723,40.466,36.916,10517
2019-04-12,36.4,38.465,38.465,4158
2019-04-15,36.529,38.401,36.981,3442
2019-04-16,36.981,44.338,39.369,30342
2019-04-17,36.981,38.981,37.497,4108
2019-04-18,36.077,38.659,36.981,2217
2019-04-22,36.013,36.658,36.658,1283
2019-04-23,36.142,37.432,36.4,2233
2019-04-24,36.077,38.723,36.723,3983
2019-04-25,34.593,37.11,35.367,2708
2019-04-26,34.399,36.981,34.851,1917
2019-04-29,32.463,34.335,33.237,2392
2019-04-30,32.334,34.012,33.302,1558
2019-05-01,33.625,83.126,66.152,1846850
2019-05-02,77.64,131.982,81.641,911325
2019-05-03,66.152,83.126,70.347,82125
2019-05-06,64.668,74.219,73.445,31850
2019-05-07,71.057,99.26,81.19,139267
2019-05-08,81.964,97.776,97.453,97592
2019-05-09,90.548,113.588,97.453,116425
2019-05-10,81.19,89.063,83.9,26858
2019-05-13,74.607,86.998,75.51,17050
2019-05-14,68.927,80.415,70.928,16733
2019-05-15,65.7,70.928,65.7,17475
2019-05-16,59.892,69.508,60.021,13058
2019-05-17,58.085,62.538,60.731,7050
2019-05-20,52.986,60.537,53.373,11800
2019-05-21,49.695,53.825,51.308,10817
2019-05-22,46.274,51.308,46.274,7550
2019-05-23,43.757,47.242,45.242,8250
2019-05-24,43.757,46.145,44.983,5433
2019-05-28,41.95,45.177,42.015,15850
2019-05-29,38.981,43.757,40.337,45358
2019-05-30,38.852,41.627,39.691,14642
2019-05-31,37.174,39.562,37.368,8300
2019-06-03,35.69,57.31,47.5,341083
2019-06-04,42.789,47.888,47.113,33425
2019-06-05,45.5,54.212,46.532,33317
2019-06-06,45.5,49.243,49.049,7608
2019-06-07,46.403,53.244,47.113,15508
2019-06-10,41.95,48.404,42.079,19100
2019-06-11,42.015,45.177,42.918,8925
2019-06-12,40.853,42.918,40.918,4700
2019-06-13,40.401,43.822,43.112,6367
2019-06-14,40.337,43.112,41.886,5917
2019-06-17,41.305,45.693,41.305,5833
2019-06-18,39.369,43.499,40.272,8825
2019-06-19,39.175,45.048,39.562,19892
2019-06-20,39.82,42.789,40.853,15875
2019-06-21,40.659,42.402,41.692,5292
2019-06-24,41.692,43.951,43.047,6917
2019-06-25,43.37,49.759,47.888,38650
2019-06-26,43.822,50.147,43.951,10275
2019-06-27,43.951,47.436,45.629,4517
2019-06-28,44.209,47.63,47.242,23142
2019-07-01,45.177,48.791,45.952,7908
2019-07-02,44.338,49.437,45.822,6842
2019-07-03,44.403,46.145,45.048,2475
2019-07-05,44.532,47.242,44.79,5508
2019-07-08,42.789,45.629,43.822,3800
2019-07-09,42.983,44.983,44.274,1750
2019-07-10,44.015,45.822,44.532,1133
2019-07-11,44.209,45.822,44.338,8375
2019-07-12,44.08,45.435,44.144,4117
2019-07-15,43.241,44.919,44.919,1833
2019-07-16,44.015,48.404,46.468,18600
2019-07-17,44.403,47.371,46.468,6483
2019-07-18,44.338,46.92,44.661,1483
2019-07-19,44.532,46.274,44.532,1717
2019-07-22,43.822,46.081,46.081,4658
2019-07-23,43.822,46.274,44.144,4908
2019-07-24,43.37,44.854,44.596,1333
2019-07-25,43.047,45.242,45.048,4125
2019-07-26,43.628,44.854,43.886,1033
2019-07-29,42.596,44.854,42.66,3592
2019-07-30,42.596,44.403,44.403,2567
2019-07-31,42.596,44.919,44.209,2842
2019-08-01,39.885,44.661,40.982,4967
2019-08-02,38.723,43.822,39.498,4292
2019-08-05,39.11,42.725,42.208,4250
2019-08-06,38.723,42.144,39.11,1675
2019-08-07,38.723,40.853,39.627,2358
2019-08-08,37.432,41.111,38.723,2375
2019-08-09,37.562,39.627,39.627,758
2019-08-12,37.82,39.562,37.949,2458
2019-08-13,37.432,39.562,39.433,2225
2019-08-14,36.4,38.981,36.593,3350
2019-08-15,35.819,37.239,35.819,2225
2019-08-16,34.722,40.595,36.4,19258
2019-08-19,33.883,36.723,33.883,4642
2019-08-20,31.559,34.27,31.947,7358
2019-08-21,32.011,34.722,34.528,8558
2019-08-22,32.657,38.013,37.755,13033
2019-08-23,34.657,37.949,35.432,7408
2019-08-26,33.883,36.593,36.077,2533
2019-08-27,33.754,35.625,34.206,2000
2019-08-28,33.237,35.238,33.689,2075
2019-08-29,34.399,37.11,36.658,5208
2019-08-30,34.786,37.562,36.271,2675
2019-09-03,33.56,37.432,33.947,3367
2019-09-04,33.754,35.69,34.528,1408
2019-09-05,33.496,35.109,33.689,3300
2019-09-06,33.56,35.109,34.593,1442
2019-09-09,33.754,36.464,35.948,3167
2019-09-10,34.915,37.368,36.787,5292
2019-09-11,39.756,48.017,41.627,188317
2019-09-12,37.497,40.659,39.885,15050
2019-09-13,38.401,40.595,39.24,3700
2019-09-16,38.788,41.757,41.498,4625
2019-09-17,38.271,41.305,38.271,5592
2019-09-18,36.464,39.562,37.368,6367
2019-09-19,35.561,37.626,37.045,5200
2019-09-20,35.561,37.303,36.335,3467
2019-09-23,34.915,36.916,36.593,4733
2019-09-24,34.915,36.529,35.496,3233
2019-09-25,34.657,35.625,34.851,992
2019-09-26,33.818,36.142,34.141,1483
2019-09-27,33.56,35.561,34.593,992
2019-09-30,33.237,34.915,34.528,1658
2019-10-01,32.85,35.496,34.593,908
2019-10-02,32.657,34.399,32.657,1608
2019-10-03,31.624,34.464,34.464,3950
2019-10-04,32.398,36.142,33.044,4758
2019-10-07,32.592,34.786,34.786,1217
2019-10-08,32.527,34.657,34.335,517
2019-10-09,32.592,34.076,32.85,2367
2019-10-10,32.205,34.206,34.206,2917
2019-10-11,32.979,34.98,33.173,1633
2019-10-14,32.334,33.56,32.334,1783
2019-10-15,32.657,37.045,32.657,4533
2019-10-16,32.657,36.464,34.335,4550
2019-10-17,34.206,36.464,34.335,1825
2019-10-18,33.947,35.367,34.593,742
2019-10-21,33.689,34.98,34.786,783
2019-10-22,33.237,34.528,34.206,950
2019-10-23,33.625,35.948,35.948,4250
2019-10-24,33.625,36.4,34.206,2592
2019-10-25,33.173,34.98,34.399,1442
2019-10-28,33.173,35.819,33.173,2658
2019-10-29,33.173,35.109,33.625,1958
2019-10-30,33.237,34.335,34.076,983
2019-10-31,31.947,34.141,31.947,1917
2019-11-01,32.786,33.947,33.044,800
2019-11-04,32.85,33.818,33.173,733
2019-11-05,32.85,38.723,33.56,17617
2019-11-06,32.592,35.303,32.657,2950
2019-11-07,33.431,38.723,33.625,19817
2019-11-08,32.915,35.303,32.915,7258
2019-11-11,32.915,35.045,32.915,2508
2019-11-12,32.721,34.786,33.302,4133
2019-11-13,32.398,33.754,33.237,3475
2019-11-14,32.463,33.56,32.786,967
2019-11-15,32.657,34.399,32.979,4758
2019-11-18,32.979,34.528,34.076,1083
2019-11-19,33.366,34.141,33.496,725
2019-11-20,33.108,34.206,33.883,1217
2019-11-21,33.173,34.335,33.367,1342
2019-11-22,32.979,33.883,32.979,458
2019-11-25,33.431,34.98,34.98,4292
2019-11-26,33.689,35.367,34.786,1208
2019-11-27,34.464,38.659,35.948,12642
2019-11-29,35.174,37.11,36.142,2392
2019-12-02,35.496,36.529,36.142,767
2019-12-03,33.883,35.561,35.303,883
2019-12-04,34.27,36.529,34.399,2075
2019-12-05,33.883,35.496,34.98,3025
2019-12-06,34.206,37.11,34.206,2825
2019-12-09,33.818,36.142,34.464,3225
2019-12-10,33.818,35.819,34.464,4725
2019-12-11,33.689,35.174,34.786,5467
2019-12-12,33.883,35.496,34.528,5500
2019-12-13,33.754,35.625,34.206,5592
2019-12-16,33.56,35.174,35.174,3600
2019-12-17,34.141,36.787,36.787,4967
2019-12-18,35.69,38.078,35.69,10200
2019-12-19,34.915,36.464,35.432,3308
2019-12-20,35.238,37.11,37.11,8808
2019-12-23,36.4,40.337,38.465,17358
2019-12-24,38.013,40.014,38.142,3183
2019-12-26,36.593,39.046,36.723,3875
2019-12-27,35.367,37.884,36.658,2933
2019-12-30,35.496,37.239,36.464,2400
2019-12-31,35.69,37.239,36.852,3192
2020-01-02,36.4,38.659,36.658,2950
2020-01-03,35.625,36.852,35.884,933
2020-01-06,35.367,37.432,36.335,2817
2020-01-07,36.271,37.239,36.593,1008
2020-01-08,36.981,41.563,39.175,21333
2020-01-09,39.046,42.015,41.434,5975
2020-01-10,39.24,41.757,40.724,3217
2020-01-13,38.142,41.24,39.433,4192
2020-01-14,37.755,40.918,38.401,3550
2020-01-15,36.787,39.369,36.981,3333
2020-01-16,35.303,37.432,35.496,2667
2020-01-17,35.432,37.368,36.916,3908
2020-01-21,36.916,38.465,37.82,5117
2020-01-22,36.787,38.336,37.562,1692
2020-01-23,36.271,37.626,36.271,1050
2020-01-24,36.077,36.916,36.271,875
2020-01-27,34.786,37.432,34.915,3933
2020-01-28,34.851,35.948,35.819,450
2020-01-29,35.496,36.529,35.496,400
2020-01-30,33.947,35.496,34.012,1317
2020-01-31,32.269,34.012,33.818,2217
2020-02-03,33.173,38.336,36.981,12492
2020-02-04,35.625,37.626,36.271,1658
2020-02-05,35.303,37.045,36.4,2017
2020-02-06,34.851,36.852,35.819,600
2020-02-07,35.367,37.368,36.593,2242
2020-02-10,35.496,37.368,35.625,1533
2020-02-11,34.012,36.981,34.528,983
2020-02-12,34.657,35.819,35.432,1500
2020-02-13,34.528,35.496,35.367,892
2020-02-14,35.174,35.69,35.69,358
2020-02-18,34.528,35.625,34.528,1225
2020-02-19,31.753,35.819,33.56,7175
2020-02-20,30.979,33.625,31.624,5225
2020-02-21,25.364,30.979,27.493,15075
2020-02-24,26.267,28.978,28.139,2725
2020-02-25,26.719,29.042,26.719,1658
2020-02-26,26.332,28.139,26.654,1850
2020-02-27,20.072,22.911,21.04,10950
2020-02-28,21.04,24.137,24.137,6117
2020-03-02,22.653,25.17,24.783,3150
2020-03-03,21.943,24.46,23.879,1967
2020-03-04,23.879,25.106,24.718,2133
2020-03-05,23.686,24.525,23.686,750
2020-03-06,23.815,26.009,24.525,3067
2020-03-09,21.814,25.815,21.879,2675
2020-03-10,20.33,22.33,21.362,1667
2020-03-11,20.136,22.072,20.588,925
2020-03-12,19.362,20.201,19.426,3483
2020-03-13,17.425,20.265,17.425,3650
2020-03-16,15.812,17.49,15.812,2317
2020-03-17,15.877,17.425,16.135,850
2020-03-18,14.844,16.716,14.973,1042
2020-03-19,14.263,16.651,16.651,950
2020-03-20,16.78,17.425,16.78,650
2020-03-23,16.199,17.038,16.393,525
2020-03-24,16.199,17.748,16.78,608
2020-03-25,16.264,18.716,16.457,1942
2020-03-26,16.845,17.684,17.555,1108
2020-03-27,16.457,18.006,16.974,600
2020-03-30,16.264,17.942,17.296,308
2020-03-31,17.49,18.394,18.006,783
2020-04-01,16.845,18.329,17.361,908
2020-04-02,17.232,18.2,18.2,292
2020-04-03,18.071,18.523,18.329,900
2020-04-06,18.2,19.491,18.329,2008
2020-04-07,16.974,18.394,17.813,1250
2020-04-08,17.813,18.716,18.587,642
2020-04-09,19.039,21.04,19.362,3233
2020-04-13,19.555,22.33,21.879,2325
2020-04-14,22.589,25.17,24.137,2783
2020-04-15,24.396,29.042,27.881,7742
2020-04-16,28.72,35.174,31.366,9825
2020-04-17,27.493,34.528,29.623,4875
2020-04-20,26.461,30.14,27.623,2150
2020-04-21,24.525,28.526,25.686,1742
2020-04-22,23.944,27.235,24.654,1933
2020-04-23,24.912,26.654,26.654,733
2020-04-24,25.17,27.429,25.686,892
2020-04-27,23.879,25.945,24.847,992
2020-04-28,21.04,25.041,22.33,5075
2020-04-29,22.33,24.396,23.815,1133
2020-04-30,23.621,27.493,23.621,3492
2020-05-01,20.652,23.686,22.782,600
2020-05-04,22.782,24.008,24.008,1208
2020-05-05,24.073,25.557,24.46,917
2020-05-06,24.008,25.364,25.106,1392
2020-05-07,24.267,27.042,25.622,900
2020-05-08,24.396,25.686,25.686,1250
2020-05-11,24.525,25.815,25.686,458
2020-05-12,24.654,25.622,25.557,1083
2020-05-13,23.75,25.945,24.202,842
2020-05-14,22.653,24.976,24.912,1000
2020-05-15,23.428,24.783,24.331,700
2020-05-18,23.815,24.46,24.073,1133
2020-05-19,23.879,24.654,24.525,358
2020-05-20,23.944,24.525,24.396,525
2020-05-21,24.267,24.912,24.396,325
2020-05-22,24.073,24.912,24.718,767
2020-05-26,24.589,25.686,25.557,558
2020-05-27,23.686,25.622,25.493,417
2020-05-28,47.888,141.985,123.979,6956683
2020-05-29,77.059,96.808,81.319,455942
2020-06-01,58.73,66.152,59.376,172233
2020-06-02,56.988,61.118,58.666,50658
2020-06-03,54.922,58.343,55.503,34917
2020-06-04,50.017,54.858,51.954,35467
2020-06-05,48.469,60.86,55.181,61558
2020-06-08,49.243,54.6,53.567,43350
2020-06-09,50.921,53.954,51.631,25667
2020-06-10,46.21,64.216,52.147,159308
2020-06-11,45.564,51.825,46.532,26892
2020-06-12,45.242,48.727,46.274,17883
2020-06-15,45.371,48.469,46.016,33400
2020-06-16,45.887,48.081,46.21,22975
2020-06-17,45.564,47.371,46.081,8583
2020-06-18,43.951,47.113,44.919,17575
2020-06-19,43.886,46.403,44.854,12283
2020-06-22,44.144,50.017,48.533,56592
2020-06-23,45.306,50.211,46.081,18975
2020-06-24,43.499,46.21,44.854,17192
2020-06-25,43.112,47.694,45.177,21383
2020-06-26,43.564,46.984,44.209,18300
2020-06-29,42.273,46.468,43.241,20383
2020-06-30,42.273,44.338,42.725,10975
2020-07-01,42.079,43.886,43.305,15133
2020-07-02,42.854,44.403,43.499,9875
2020-07-06,40.659,44.209,41.498,35317
2020-07-07,40.014,44.144,41.498,30950
2020-07-08,40.079,44.403,43.176,66467
2020-07-09,42.015,45.758,43.499,83183
2020-07-10,41.305,43.628,42.531,110100
2020-07-13,42.208,49.243,44.854,207408
2020-07-14,41.369,44.983,43.37,48217
2020-07-15,39.304,44.209,41.692,52450
2020-07-16,40.724,42.918,41.434,49533
2020-07-17,39.756,46.145,45.564,336817
2020-07-20,45.822,55.568,51.566,335642
2020-07-21,47.113,53.18,48.791,101617
2020-07-22,45.306,48.339,47.049,67883
2020-07-23,41.305,47.5,42.725,87825
2020-07-24,41.627,45.564,44.596,79317
2020-07-27,42.725,45.693,45.371,74083
2020-07-28,43.564,46.145,45.177,100325
2020-07-29,44.274,46.92,44.532,76275
2020-07-30,43.886,47.63,45.822,263092
2020-07-31,44.532,46.791,45.177,116825
2020-08-03,42.531,45.113,42.725,112158
2020-08-04,43.37,44.532,43.757,44425
2020-08-05,42.854,44.144,43.693,66200
2020-08-06,41.563,43.564,43.499,77708
2020-08-07,43.886,44.79,44.403,104192
2020-08-10,43.047,45.113,44.144,85392
2020-08-11,43.241,44.983,43.822,80325
2020-08-12,39.756,44.467,40.53,223117
2020-08-13,37.82,40.401,38.465,84208
2020-08-14,38.078,39.046,38.401,31617
2020-08-17,38.401,39.885,38.852,44042
2020-08-18,38.401,39.369,38.788,44533
2020-08-19,36.077,39.175,36.723,56608
2020-08-20,35.625,36.852,36.593,34533
2020-08-21,35.625,37.174,36.013,32850
2020-08-24,34.722,36.723,35.948,51817
2020-08-25,34.593,36.787,36.464,57883
2020-08-26,33.754,36.464,34.464,41725
2020-08-27,31.495,34.464,32.915,47583
2020-08-28,31.624,33.237,32.205,34608
2020-08-31,32.334,35.819,35.367,41308
2020-09-01,32.592,35.045,33.625,29333
2020-09-02,31.688,33.366,32.85,23800
2020-09-03,30.204,33.496,30.656,52058
2020-09-04,25.751,30.075,28.462,75325
2020-09-08,26.719,29.236,28.139,16033
2020-09-09,28.268,29.946,28.784,24108
2020-09-10,28.913,30.204,29.43,29108
2020-09-11,28.139,29.881,29.236,16733
2020-09-14,28.72,31.043,30.849,90350
2020-09-15,32.398,35.432,33.754,428883
2020-09-16,31.301,33.56,33.044,115500
2020-09-17,31.753,33.431,32.721,51958
2020-09-18,32.205,33.883,33.431,78908
2020-09-21,29.365,32.592,29.881,197767
2020-09-22,29.365,30.656,29.817,56375
2020-09-23,26.525,28.655,26.977,107642
2020-09-24,24.847,27.106,26.267,71950
2020-09-25,26.848,29.365,28.978,56458
2020-09-28,28.332,30.01,29.365,42625
2020-09-29,28.203,29.301,28.655,30967
2020-09-30,28.268,29.43,28.526,18150
2020-10-01,27.558,28.978,28.591,22700
2020-10-02,27.106,29.688,29.365,47325
2020-10-05,28.526,30.462,29.688,35667
2020-10-06,29.688,33.754,33.431,166100
2020-10-07,29.817,34.851,30.591,407958
2020-10-08,27.881,29.559,28.268,116325
2020-10-09,27.493,28.913,28.268,47475
2020-10-12,27.042,28.591,27.106,48350
2020-10-13,26.848,27.558,27.235,26250
2020-10-14,26.461,27.429,26.848,27475
2020-10-15,26.848,28.01,27.687,23942
2020-10-16,26.848,27.752,26.913,15642
2020-10-19,26.848,27.752,27.171,17592
2020-10-20,26.59,27.687,26.848,24375
2020-10-21,26.138,27.364,26.332,15417
2020-10-22,25.88,26.719,26.461,19642
2020-10-23,25.88,26.848,26.009,12767
2020-10-26,25.493,26.59,25.815,35800
2020-10-27,25.493,26.009,25.493,13067
2020-10-28,23.944,25.751,24.912,36625
2020-10-29,24.396,25.364,24.976,8200
2020-10-30,23.944,24.912,24.847,25975
2020-11-02,25.364,26.525,26.138,74208
2020-11-03,25.493,26.203,25.945,13533
2020-11-04,25.235,26.784,26.009,36658
2020-11-05,25.428,26.267,25.751,20175
2020-11-06,25.364,26.009,25.493,13575
2020-11-09,24.331,26.138,24.589,34442
2020-11-10,24.137,25.428,24.976,20458
2020-11-11,24.331,25.235,24.654,14075
2020-11-12,24.718,25.751,25.686,20592
2020-11-13,25.493,26.396,26.009,16592
2020-11-16,25.557,26.396,26.138,13233
2020-11-17,25.364,26.074,25.364,8733
2020-11-18,25.041,25.751,25.17,13825
2020-11-19,24.073,25.299,24.137,36883
2020-11-20,24.073,25.17,25.106,26533
2020-11-23,25.557,27.623,26.977,180583
2020-11-24,25.235,26.784,26.074,37983
2020-11-25,25.686,27.042,27.042,22517
2020-11-27,27.042,28.72,27.623,52792
2020-11-30,26.009,27.558,27.364,31725
2020-12-01,26.461,27.364,27.042,21467
2020-12-02,26.461,27.945,27.558,24175
2020-12-03,27.171,28.074,27.493,15917
2020-12-04,26.913,27.816,27.042,14367
2020-12-07,26.396,27.364,26.396,14408
2020-12-08,26.396,27.106,26.784,20542
2020-12-09,25.622,26.977,26.59,20125
2020-12-10,26.203,28.01,27.752,37050
2020-12-11,27.816,29.688,28.591,65100
2020-12-14,27.558,29.042,27.752,18092
2020-12-15,26.332,28.01,26.784,44558
2020-12-16,26.138,26.977,26.59,21258
2020-12-17,26.138,26.913,26.332,16467
2020-12-18,25.815,27.042,25.815,27933
2020-12-21,25.622,29.236,27.558,123050
2020-12-22,27.881,30.656,28.591,263258
2020-12-23,27.752,28.978,28.139,34333
2020-12-24,26.977,28.526,27.429,33275
2020-12-28,26.784,27.881,26.848,26808
2020-12-29,25.686,27.042,25.815,46525
2020-12-30,25.88,26.461,26.332,23350
2020-12-31,25.557,26.719,25.88,48517
2021-01-04,25.945,27.042,26.848,28692
2021-01-05,26.461,27.687,27.493,20767
2021-01-06,26.59,28.139,26.654,27575
2021-01-07,26.848,27.623,26.913,14733
2021-01-08,26.525,27.493,27.235,20567
2021-01-11,27.106,28.268,27.687,41167
2021-01-12,27.558,28.332,27.816,21700
2021-01-13,27.945,29.688,29.365,78017
2021-01-14,28.462,29.688,28.913,44675
2021-01-15,28.462,29.365,28.72,23225
2021-01-19,28.591,30.979,30.656,122375
2021-01-20,28.913,30.591,29.752,85350
2021-01-21,29.494,31.237,30.01,83333
2021-01-22,29.623,30.656,30.075,67483
2021-01-25,28.462,30.527,28.913,67900
2021-01-26,28.849,29.688,29.107,34625
2021-01-27,26.784,28.784,27.3,58467
2021-01-28,26.719,28.268,26.977,36508
2021-01-29,26.848,28.655,27.106,40058
2021-02-01,27.106,29.365,29.171,73258
2021-02-02,28.01,29.559,28.591,30508
2021-02-03,28.849,30.398,29.301,46375
2021-02-04,29.365,30.269,30.075,56808
2021-02-05,29.494,30.785,30.075,91992
2021-02-08,30.527,33.367,31.818,285267
2021-02-09,30.72,32.527,32.076,127208
2021-02-10,30.462,33.366,32.398,214242
2021-02-11,33.173,35.496,34.206,415708
2021-02-12,32.979,34.335,33.431,140425
2021-02-16,32.527,34.335,33.367,120433
2021-02-17,30.785,33.173,31.753,104525
2021-02-18,29.365,31.624,30.075,80708
2021-02-19,29.494,31.301,30.656,198658
2021-02-22,29.881,32.915,31.559,290142
2021-02-23,27.558,30.462,30.204,236075
2021-02-24,29.688,31.43,30.398,82933
2021-02-25,27.752,30.01,28.332,77450
2021-02-26,26.59,28.526,27.171,73000
2021-03-01,27.687,28.784,28.203,49617
2021-03-02,27.945,30.979,29.171,213008
2021-03-03,27.235,29.559,27.558,82383
2021-03-04,24.589,27.429,25.686,138725
2021-03-05,22.718,26.784,26.59,161450
2021-03-08,25.364,27.042,25.686,73425
2021-03-09,25.751,26.848,26.203,108342
2021-03-10,25.945,26.913,26.59,35692
2021-03-11,26.461,28.139,27.816,55433
2021-03-12,26.848,27.945,27.558,38850
2021-03-15,27.3,28.074,27.816,40783
2021-03-16,26.396,28.074,27.171,50275
2021-03-17,25.428,27.235,26.784,62283
2021-03-18,26.138,27.493,26.203,28392
2021-03-19,25.299,28.01,26.977,121842
2021-03-22,27.042,28.01,27.493,67100
2021-03-23,25.299,26.848,25.299,60800
2021-03-24,23.879,25.751,24.073,61158
2021-03-25,23.234,24.783,24.525,31375
2021-03-26,23.363,24.718,23.75,33550
2021-03-29,22.395,24.008,22.459,35125
2021-03-30,21.75,23.234,22.718,23333
2021-03-31,22.911,23.879,23.557,17133
2021-04-01,23.686,24.589,24.267,24617
2021-04-05,23.169,24.525,23.686,17475
2021-04-06,23.169,24.267,23.621,16900
2021-04-07,22.911,23.686,23.428,16558
2021-04-08,22.459,23.492,23.298,19067
2021-04-09,22.847,24.331,23.428,31025
2021-04-12,22.33,23.621,22.589,25342
2021-04-13,22.459,23.04,22.782,26458
2021-04-14,22.201,23.105,22.33,30567
2021-04-15,21.62,22.782,21.943,35242
2021-04-16,20.781,21.943,21.685,36217
2021-04-19,21.04,22.072,21.879,25800
2021-04-20,21.169,22.201,21.298,24367
2021-04-21,21.04,22.459,22.201,32883
2021-04-22,22.072,23.04,22.589,19150
2021-04-23,22.33,22.911,22.847,13667
2021-04-26,22.524,23.815,23.169,68117
2021-04-27,22.718,23.621,22.911,31358
2021-04-28,22.653,23.428,23.169,25583
2021-04-29,22.395,23.234,22.589,19867
2021-04-30,22.072,22.847,22.201,15242
2021-05-03,21.685,22.524,21.685,23942
2021-05-04,20.459,21.685,21.233,26758
2021-05-05,20.846,21.75,20.975,23525
2021-05-06,19.684,21.169,19.942,38292
2021-05-07,20.265,21.62,20.846,19217
2021-05-10,19.749,21.233,19.749,46175
2021-05-11,18.845,20.33,20.136,51767
2021-05-12,20.265,22.137,20.588,65008
2021-05-13,19.555,21.104,19.813,26825
2021-05-14,20.007,21.233,20.846,20667
2021-05-17,20.523,21.362,21.169,12700
2021-05-18,20.975,22.008,21.685,14500
2021-05-19,20.911,21.75,21.556,7025
2021-05-20,21.104,22.072,21.491,11550
2021-05-21,21.298,21.814,21.491,8117
2021-05-24,20.652,21.685,21.04,10375
2021-05-25,20.846,21.298,21.104,5833
2021-05-26,20.781,21.879,21.814,14392
2021-05-27,21.62,22.589,22.201,13758
2021-05-28,22.33,22.782,22.524,10050
2021-06-01,22.072,22.782,22.524,11867
2021-06-02,21.879,23.169,22.976,15967
2021-06-03,22.847,24.008,23.75,18117
2021-06-04,22.911,24.008,23.04,13358
2021-06-07,23.105,23.879,23.492,11867
2021-06-08,23.105,24.202,24.073,18300
2021-06-09,24.202,24.976,24.396,17183
2021-06-10,23.428,24.589,23.815,11142
2021-06-11,23.234,24.008,23.75,9050
2021-06-14,24.267,25.17,25.17,24825
2021-06-15,23.879,25.106,24.267,25658
2021-06-16,23.492,24.396,23.944,11508
2021-06-17,23.298,24.202,23.621,9558
2021-06-18,23.234,23.879,23.298,17608
2021-06-21,22.201,23.557,22.266,17483
2021-06-22,21.685,22.266,21.879,11917
2021-06-23,21.685,22.847,22.782,11483
2021-06-24,22.718,23.105,22.847,7083
2021-06-25,22.782,23.363,23.363,13042
2021-06-28,22.589,23.557,23.105,13100
2021-06-29,22.201,23.169,22.589,14533
2021-06-30,22.266,22.782,22.524,7692
2021-07-01,21.943,22.911,22.266,7208
2021-07-02,21.943,22.524,22.395,6742
2021-07-06,21.814,22.976,22.072,13675
2021-07-07,21.362,24.202,24.137,97450
2021-07-08,22.008,23.621,22.459,35875
2021-07-09,22.782,23.879,23.75,30542
2021-07-12,23.234,24.202,23.815,14342
2021-07-13,20.33,22.072,20.459,59908
2021-07-14,19.749,20.717,20.136,19167
2021-07-15,19.103,20.265,19.297,27067
2021-07-16,18.716,19.491,18.716,14400
2021-07-19,17.555,18.652,18.587,22183
2021-07-20,18.781,20.007,19.297,14450
2021-07-21,19.039,20.781,20.652,28608
2021-07-22,19.878,20.652,20.136,8425
2021-07-23,19.039,20.459,19.168,7658
2021-07-26,18.91,19.555,19.168,6708
2021-07-27,18.845,19.942,19.233,26508
2021-07-28,19.233,20.33,19.62,16500
2021-07-29,19.878,24.783,22.008,517008
2021-07-30,19.878,21.556,20.394,69575
2021-08-02,19.749,20.911,20.588,24417
2021-08-03,19.039,20.911,19.491,33325
2021-08-04,18.716,19.555,18.974,34992
2021-08-05,18.781,20.007,20.007,14358
2021-08-06,19.233,20.201,20.072,13433
2021-08-09,19.555,20.136,19.749,16067
2021-08-10,19.426,20.201,19.749,17417
2021-08-11,19.426,19.749,19.62,6092
2021-08-12,19.233,19.491,19.297,8167
2021-08-13,18.716,19.362,18.845,12508
2021-08-16,17.877,18.845,17.877,22558
2021-08-17,17.619,18.781,18.587,12617
2021-08-18,18.071,18.974,18.523,6150
2021-08-19,18.006,18.587,18.006,12000
2021-08-20,17.877,18.845,18.458,7500
2021-08-23,18.458,19.039,19.039,6608
2021-08-24,18.781,19.684,19.684,7717
2021-08-25,19.491,20.072,20.007,5350
2021-08-26,19.426,20.007,19.878,6242
2021-08-27,19.62,20.072,19.684,4350
2021-08-30,19.362,19.942,19.684,3208
2021-08-31,19.491,20.007,19.942,7792
2021-09-01,19.684,20.007,19.749,2292
2021-09-02,19.362,20.201,20.136,11958
2021-09-03,19.749,20.459,20.007,9517
2021-09-07,19.233,20.459,19.878,11633
2021-09-08,18.91,19.878,19.555,9442
2021-09-09,19.168,20.136,19.813,7375
2021-09-10,19.297,20.007,19.684,9658
2021-09-13,19.297,19.878,19.426,10358
2021-09-14,18.974,19.684,19.039,11242
2021-09-15,18.974,19.491,19.491,7375
2021-09-16,18.974,19.684,19.684,8208
2021-09-17,19.168,20.072,20.007,10825
2021-09-20,19.168,19.878,19.297,13083
2021-09-21,19.103,19.684,19.491,7525
2021-09-22,19.168,19.555,19.491,5483
2021-09-23,19.168,19.555,19.491,4333
2021-09-24,19.103,19.555,19.233,6317
2021-09-27,19.039,19.362,19.168,5392
2021-09-28,18.394,19.233,18.652,10642
2021-09-29,18.135,18.91,18.135,4558
2021-09-30,18.135,19.233,19.103,13700
2021-10-01,18.716,19.233,19.168,8608
2021-10-04,18.264,19.039,18.652,6258
2021-10-05,17.942,18.716,18.135,11700
2021-10-06,17.555,18.329,17.877,11775
2021-10-07,17.49,18.394,17.748,11950
2021-10-08,17.296,18.006,17.49,11383
2021-10-11,17.296,17.684,17.361,5308
2021-10-12,17.103,17.813,17.748,10975
2021-10-13,17.619,18.781,18.523,15667
2021-10-14,18.2,18.652,18.264,9100
2021-10-15,17.877,18.394,18.006,6533
2021-10-18,17.425,18.264,17.619,5433
2021-10-19,17.555,17.877,17.684,4483
2021-10-20,17.619,18.071,17.813,4683
2021-10-21,17.619,18.006,17.877,5692
2021-10-22,17.103,17.813,17.232,8092
2021-10-25,16.909,17.619,17.425,10925
2021-10-26,16.845,17.425,17.361,6033
2021-10-27,16.651,17.296,16.78,9500
2021-10-28,16.457,17.167,16.909,504942
2021-10-29,16.716,19.039,17.684,651550
2021-11-01,16.845,17.619,17.425,57317
2021-11-02,16.845,17.425,17.103,28450
2021-11-03,16.78,17.232,17.038,28667
2021-11-04,16.716,17.167,16.974,13258
2021-11-05,16.716,17.167,16.974,18450
2021-11-08,16.845,17.361,17.296,25633
2021-11-09,16.78,17.232,16.78,14433
2021-11-10,15.747,16.845,16.07,21700
2021-11-11,15.425,16.457,15.618,15042
2021-11-12,15.554,16.006,15.941,8050
2021-11-15,15.554,16.006,15.747,9175
2021-11-16,15.554,15.877,15.683,8017
2021-11-17,15.554,16.07,15.812,8908
2021-11-18,14.586,15.812,14.779,21033
2021-11-19,14.521,15.618,15.231,35375
2021-11-22,14.134,15.425,14.392,44650
2021-11-23,14.005,15.231,14.844,47117
2021-11-24,14.973,16.135,15.554,48642
2021-11-26,15.167,17.038,16.845,43917
2021-11-29,15.36,16.78,15.683,36025
2021-11-30,14.908,15.618,15.296,19858
2021-12-01,14.521,15.618,14.65,49800
2021-12-02,14.392,15.167,14.521,36483
2021-12-03,14.069,15.038,14.521,50958
2021-12-06,14.005,14.844,14.715,16525
2021-12-07,14.65,15.167,14.908,26450
2021-12-08,14.844,15.425,15.102,20492
2021-12-09,14.973,15.489,15.296,14183
2021-12-10,14.779,15.425,15.038,5767
2021-12-13,14.392,15.231,14.844,10750
2021-12-14,14.521,15.167,14.779,14133
2021-12-15,14.521,15.167,14.908,16542
2021-12-16,14.65,15.296,14.779,13675
2021-12-17,14.521,15.425,15.296,25108
2021-12-20,14.521,15.167,15.038,14558
2021-12-21,14.844,15.489,15.038,39625
2021-12-22,14.844,16.006,15.618,45367
2021-12-23,15.296,15.941,15.877,21067
2021-12-27,15.102,15.747,15.167,17983
2021-12-28,14.263,15.747,14.392,20167
2021-12-29,13.811,14.521,14.199,27475
2021-12-30,14.199,14.65,14.263,15892
2021-12-31,13.811,14.521,13.876,23583
2022-01-03,13.94,14.973,14.844,26375
2022-01-04,14.263,14.908,14.263,10050
2022-01-05,13.489,14.521,13.489,21492
2022-01-06,13.101,13.747,13.23,19900
2022-01-07,12.972,13.682,13.166,13100
2022-01-10,12.908,13.36,13.166,12617
2022-01-11,13.23,13.811,13.489,11042
2022-01-12,13.23,13.618,13.23,11125
2022-01-13,12.972,13.424,13.166,12933
2022-01-14,12.779,13.295,13.037,9725
2022-01-18,12.714,13.166,12.779,7767
2022-01-19,12.391,13.037,12.779,10258
2022-01-20,12.843,13.295,12.908,6592
2022-01-21,12.133,12.908,12.391,14975
2022-01-24,11.036,12.327,12.262,26642
2022-01-25,11.423,12.714,12.521,5958
2022-01-26,12.004,12.843,12.004,9350
2022-01-27,11.552,12.069,11.617,9025
2022-01-28,11.23,11.746,11.423,8058
2022-01-31,11.359,12.456,12.198,10125
2022-02-01,12.198,12.714,12.327,3225
2022-02-02,11.746,12.391,11.811,3725
2022-02-03,11.682,12.198,11.875,6508
2022-02-04,11.617,12.198,12.004,2425
2022-02-07,12.133,12.843,12.521,9092
2022-02-08,12.262,12.585,12.391,1617
2022-02-09,12.521,13.037,12.714,4125
2022-02-10,12.714,13.424,13.295,7542
2022-02-11,12.521,13.36,12.65,9300
2022-02-14,11.746,12.65,11.746,9683
2022-02-15,11.811,12.327,12.133,5667
2022-02-16,11.617,12.133,11.94,4733
2022-02-17,11.552,12.004,11.746,9967
2022-02-18,11.746,12.262,12.262,6417
2022-02-22,12.004,13.101,12.714,15525
2022-02-23,12.521,13.037,12.714,13542
2022-02-24,11.875,13.489,13.424,8825
2022-02-25,12.843,13.424,13.295,7192
2022-02-28,12.779,13.553,13.101,5867
2022-03-01,12.779,13.424,12.908,11058
2022-03-02,12.327,13.295,13.037,12933
2022-03-03,12.843,13.424,12.972,5208
2022-03-04,12.843,13.295,13.166,10558
2022-03-07,12.585,13.553,13.36,14900
2022-03-08,13.101,14.069,13.682,13200
2022-03-09,13.682,14.392,14.263,9375
2022-03-10,13.424,14.134,13.747,9275
2022-03-11,13.553,14.005,13.618,4708
2022-03-14,13.424,13.876,13.553,8392
2022-03-15,13.682,14.392,13.94,15025
2022-03-16,13.811,15.167,14.844,31108
2022-03-17,14.65,15.36,15.167,20567
2022-03-18,15.038,16.07,16.07,24525
2022-03-21,15.231,16.264,15.36,11450
2022-03-22,15.296,16.006,15.683,5625
2022-03-23,14.715,16.135,15.618,23742
2022-03-24,14.973,15.812,15.36,5208
2022-03-25,15.038,16.457,15.231,20833
2022-03-28,14.263,15.489,15.038,14933
2022-03-29,14.844,15.941,15.296,12058
2022-03-30,14.973,16.135,14.973,17592
2022-03-31,14.521,15.877,14.844,64267
2022-04-01,11.359,14.521,14.199,132608
2022-04-04,13.94,15.102,15.102,17300
2022-04-05,14.328,15.425,14.908,14717
2022-04-06,14.521,15.231,15.102,5875
2022-04-07,14.586,15.102,14.779,5858
2022-04-08,14.779,15.747,15.36,19733
2022-04-11,14.908,15.489,14.973,4708
2022-04-12,14.844,15.167,15.167,8425
2022-04-13,14.844,15.554,15.167,3817
2022-04-14,14.779,15.296,15.102,4983
2022-04-18,14.844,15.489,14.973,14750
2022-04-19,14.973,15.747,15.618,11492
2022-04-20,15.102,16.716,15.877,30867
2022-04-21,15.489,16.006,15.554,8850
2022-04-22,14.908,15.618,14.973,6950
2022-04-25,14.521,15.877,15.747,10342
2022-04-26,15.038,15.812,15.683,4583
2022-04-27,15.038,15.489,15.167,6825
2022-04-28,14.521,15.683,14.908,8892
2022-04-29,14.521,15.296,15.296,6325
2022-05-02,14.65,15.489,15.296,4517
2022-05-03,15.038,15.618,15.554,2825
2022-05-04,14.973,15.747,15.618,3783
2022-05-05,14.521,15.683,14.715,7375
2022-05-06,14.392,15.231,14.973,9533
2022-05-09,14.521,14.844,14.779,7867
2022-05-10,14.65,15.167,14.908,21775
2022-05-11,14.715,14.973,14.715,7075
2022-05-12,14.586,15.102,14.844,10133
2022-05-13,14.521,15.425,14.908,9017
2022-05-16,14.586,15.231,14.779,7783
2022-05-17,14.908,15.167,15.167,8400
2022-05-18,14.521,15.167,14.779,3583
2022-05-19,14.779,15.167,14.844,1325
2022-05-20,14.844,15.167,14.973,2217
2022-05-23,14.779,15.231,14.973,5533
2022-05-24,14.715,14.908,14.844,4583
2022-05-25,14.521,15.554,15.296,11458
2022-05-26,15.231,15.683,15.554,2258
2022-05-27,15.489,15.747,15.618,2917
2022-05-31,15.231,15.618,15.425,2417
2022-06-01,15.038,15.489,15.038,3383
2022-06-02,15.038,15.425,15.102,958
2022-06-03,15.038,15.489,15.231,2200
2022-06-06,15.038,15.489,15.167,1958
2022-06-07,15.167,15.618,15.231,3975
2022-06-08,14.973,15.231,15.231,3150
2022-06-09,14.715,15.231,15.038,1750
2022-06-10,14.715,15.36,15.167,3158
2022-06-13,14.392,15.296,14.65,5300
2022-06-14,14.199,14.973,14.457,4075
2022-06-15,14.521,14.908,14.65,2342
2022-06-16,14.521,14.844,14.715,4125
2022-06-17,14.521,15.167,15.167,2725
2022-06-21,14.973,15.36,15.102,3533
2022-06-22,15.231,16.006,15.941,7733
2022-06-23,15.812,16.457,16.328,11150
2022-06-24,15.683,16.264,15.877,6175
2022-06-27,15.554,16.328,16.135,2217
2022-06-28,15.683,16.328,15.877,2200
2022-06-29,14.715,16.135,16.135,5058
2022-06-30,15.554,16.328,16.07,3442
2022-07-01,15.489,16.07,16.006,3642
2022-07-05,15.296,16.457,16.199,3733
2022-07-06,15.812,16.328,16.199,2142
2022-07-07,15.683,16.457,15.812,3492
2022-07-08,15.618,16.264,16.199,3092
2022-07-11,15.747,16.264,16.135,2642
2022-07-12,15.812,16.457,16.07,2967
2022-07-13,15.747,16.393,16.135,5008
2022-07-14,15.877,16.199,15.877,2625
2022-07-15,15.812,16.135,16.07,2492
2022-07-18,15.489,16.07,15.489,2475
2022-07-19,15.554,15.941,15.618,2483
2022-07-20,15.102,15.877,15.231,4217
2022-07-21,14.908,15.877,15.877,8333
2022-07-22,15.296,15.941,15.554,3242
2022-07-25,15.167,15.618,15.425,425
2022-07-26,15.231,15.554,15.425,575
2022-07-27,15.038,15.554,15.231,2867
2022-07-28,15.296,15.554,15.425,4075
2022-07-29,15.167,16.006,15.812,1767
2022-08-01,14.908,15.941,15.554,4517
2022-08-02,14.844,15.489,15.038,1600
2022-08-03,14.908,15.489,15.102,4475
2022-08-04,14.973,15.296,14.973,2500
2022-08-05,14.715,15.231,15.231,3033
2022-08-08,15.038,15.489,15.36,3817
2022-08-09,15.296,15.877,15.683,3758
2022-08-10,15.167,15.747,15.618,2075
2022-08-11,15.36,15.941,15.489,1700
2022-08-12,15.425,15.941,15.941,2517
2022-08-15,15.618,15.941,15.812,1425
2022-08-16,15.425,15.747,15.554,2442
2022-08-17,15.102,15.489,15.36,1817
2022-08-18,15.167,15.296,15.231,1508
2022-08-19,14.973,15.36,15.167,2950
2022-08-22,14.973,15.36,15.167,2592
2022-08-23,15.102,15.554,15.231,1833
2022-08-24,15.038,15.618,15.618,2875
2022-08-25,14.844,15.618,15.102,4383
2022-08-26,14.973,15.36,15.231,3383
2022-08-29,15.102,15.489,15.102,725
2022-08-30,14.844,15.489,15.102,5442
2022-08-31,15.038,15.36,15.102,2425
2022-09-01,14.908,15.167,14.973,2317
2022-09-02,14.908,15.167,15.167,1217
2022-09-06,14.715,15.038,14.844,3550
2022-09-07,14.779,15.038,14.844,3558
2022-09-08,14.586,15.038,14.908,2467
2022-09-09,14.715,15.102,14.973,6325
2022-09-12,14.779,14.908,14.779,3967
2022-09-13,14.521,14.844,14.65,3167
2022-09-14,14.65,15.231,15.038,4458
2022-09-15,14.973,15.36,15.102,2750
2022-09-16,14.844,15.36,15.296,8333
2022-09-19,14.844,15.489,14.908,3592
2022-09-20,14.457,14.973,14.586,2983
2022-09-21,14.069,14.973,14.134,3833
2022-09-22,13.811,14.457,13.876,3950
2022-09-23,13.553,14.263,13.747,3700
2022-09-26,13.23,13.876,13.36,4983
2022-09-27,13.36,13.682,13.553,3008
2022-09-28,13.295,13.876,13.811,1408
2022-09-29,13.424,13.876,13.811,992
2022-09-30,12.972,13.876,13.295,1817
2022-10-03,13.295,13.553,13.489,1792
2022-10-04,13.295,14.134,13.876,1992
2022-10-05,13.295,14.005,13.295,1633
2022-10-06,13.424,13.811,13.682,750
2022-10-07,13.36,13.94,13.36,517
2022-10-10,12.908,13.424,13.166,1817
2022-10-11,12.585,13.295,12.972,2767
2022-10-12,12.779,13.553,13.037,2150
2022-10-13,12.779,13.36,13.36,1167
2022-10-14,13.23,13.553,13.23,1492
2022-10-17,13.295,13.811,13.553,950
2022-10-18,13.23,13.424,13.23,1083
2022-10-19,13.166,13.618,13.166,3967
2022-10-20,13.101,13.489,13.295,808
2022-10-21,13.101,13.424,13.424,2308
2022-10-24,13.23,13.36,13.295,717
2022-10-25,13.166,13.424,13.23,2692
2022-10-26,13.23,13.424,13.424,2742
2022-10-27,13.424,13.618,13.489,267
2022-10-28,13.23,14.069,14.069,2975
2022-10-31,13.682,14.134,13.876,1242
2022-11-01,13.682,14.134,13.876,1708
2022-11-02,13.618,14.134,13.747,1467
2022-11-03,13.424,13.682,13.424,2325
2022-11-04,13.23,13.682,13.295,800
2022-11-07,13.037,13.424,13.295,2008
2022-11-08,13.23,13.36,13.295,1017
2022-11-09,12.779,13.618,12.843,2892
2022-11-10,11.94,13.166,12.004,1967
2022-11-11,12.004,12.972,12.972,2058
2022-11-14,12.714,13.424,13.23,2975
2022-11-15,12.65,13.23,12.908,1167
2022-11-16,12.65,13.101,12.779,3475
2022-11-17,12.585,13.037,12.779,2425
2022-11-18,12.585,13.037,12.908,1283
2022-11-21,12.908,13.424,13.36,2992
2022-11-22,13.23,13.747,13.424,1425
2022-11-23,13.295,13.682,13.553,717
2022-11-25,13.166,13.682,13.424,750
2022-11-28,12.972,13.424,13.23,708
2022-11-29,13.101,13.553,13.295,1917
2022-11-30,13.23,13.618,13.489,1183
2022-12-01,13.037,13.553,13.36,742
2022-12-02,13.101,13.747,13.618,842
2022-12-05,13.489,13.876,13.747,2408
2022-12-06,13.23,13.618,13.553,1550
2022-12-07,13.166,14.134,14.005,2592
2022-12-08,14.005,14.263,14.199,1317
2022-12-09,13.811,14.263,14.199,1683
2022-12-12,14.328,14.586,14.521,2892
2022-12-13,14.521,14.844,14.779,2908
2022-12-14,14.521,14.844,14.715,2242
2022-12-15,14.457,15.167,14.973,8608
2022-12-16,14.715,15.683,15.683,4725
2022-12-19,14.844,15.489,15.489,1292
2022-12-20,14.973,15.812,15.489,11283
2022-12-21,15.425,15.877,15.747,11733
2022-12-22,15.231,15.747,15.489,5317
2022-12-23,14.65,15.683,15.167,6450
2022-12-27,14.328,15.296,14.779,2858
2022-12-28,14.328,15.231,15.231,2342
2022-12-29,15.167,15.683,15.683,8742
2022-12-30,14.844,15.618,15.296,5808
2023-01-03,14.844,15.683,15.618,3150
2023-01-04,15.489,16.006,15.941,4425
2023-01-05,15.812,16.07,16.07,3825
2023-01-06,15.877,17.425,16.457,12825
2023-01-09,15.812,16.974,16.07,5533
2023-01-10,15.877,16.264,15.877,1392
2023-01-11,15.231,15.877,15.296,10658
2023-01-12,14.844,15.489,15.167,3067
2023-01-13,15.102,15.167,15.167,3367
2023-01-17,14.973,15.554,15.102,2050
2023-01-18,14.844,15.231,14.844,3058
2023-01-19,14.65,15.038,14.779,6933
2023-01-20,14.457,15.102,14.844,2217
2023-01-23,14.521,14.844,14.779,2008
2023-01-24,14.521,14.908,14.65,2750
2023-01-25,14.392,14.844,14.844,2692
2023-01-26,14.457,15.425,14.65,1917
2023-01-27,14.069,14.908,14.328,3342
2023-01-30,14.005,14.392,14.134,1633
2023-01-31,14.069,14.586,14.199,1333
2023-02-01,14.134,14.263,14.134,458
2023-02-02,14.263,14.521,14.392,1825
2023-02-03,14.392,14.973,14.392,1608
2023-02-06,14.199,14.521,14.392,2650
2023-02-07,14.134,14.457,14.199,1050
2023-02-08,14.005,14.328,14.005,2192
2023-02-09,13.295,14.199,13.36,2117
2023-02-10,12.972,13.553,13.23,2475
2023-02-13,12.972,13.36,13.037,2825
2023-02-14,13.037,13.747,13.36,2550
2023-02-15,13.295,14.134,13.553,550
2023-02-16,13.424,13.747,13.489,1108
2023-02-17,13.489,13.876,13.682,1225
2023-02-21,13.553,13.876,13.682,4958
2023-02-22,13.489,13.811,13.682,383
2023-02-23,13.553,13.747,13.553,533
2023-02-24,13.23,13.553,13.489,817
2023-02-27,13.489,14.005,14.005,1800
2023-02-28,14.005,14.392,14.199,542
2023-03-01,14.005,14.392,14.263,3475
2023-03-02,13.618,14.65,14.134,1692
2023-03-03,13.876,14.328,13.94,1725
2023-03-06,13.811,14.069,14.069,1058
2023-03-07,13.876,14.199,14.134,692
2023-03-08,13.682,14.134,14.005,3108
2023-03-09,13.876,14.263,13.94,650
2023-03-10,13.811,14.069,14.069,2233
2023-03-13,13.747,14.005,13.876,958
2023-03-14,13.747,14.199,14.005,2142
2023-03-15,13.553,14.263,14.005,3208
2023-03-16,13.618,14.005,13.747,1725
2023-03-17,13.23,13.811,13.811,5058
2023-03-20,13.23,13.811,13.424,4208
2023-03-21,12.972,13.811,13.618,6858
2023-03-22,13.23,13.553,13.23,1283
2023-03-23,12.972,13.424,13.101,2142
2023-03-24,12.908,13.424,13.424,2800
2023-03-27,13.037,13.553,13.36,958
2023-03-28,12.908,13.489,13.101,1708
2023-03-29,12.972,13.101,12.972,1750
2023-03-30,12.908,13.23,12.972,2375
2023-03-31,12.521,13.166,12.843,3842
2023-04-03,12.585,12.843,12.585,642
2023-04-04,12.456,12.843,12.843,4883
2023-04-05,12.456,12.843,12.585,3150
2023-04-06,12.585,13.101,12.714,1742
2023-04-10,12.521,13.037,13.037,1217
2023-04-11,12.779,13.23,12.908,2133
2023-04-12,12.521,13.166,12.908,1417
2023-04-13,12.65,13.23,13.166,917
2023-04-14,12.779,13.166,12.908,425
2023-04-17,12.908,13.166,13.101,425
2023-04-18,12.714,13.166,12.908,1692
2023-04-19,12.714,13.037,12.779,717
2023-04-20,12.714,12.972,12.779,1442
2023-04-21,12.327,12.714,12.521,3117
2023-04-24,12.521,12.779,12.65,667
2023-04-25,12.521,12.779,12.65,567
2023-04-26,12.456,12.908,12.908,1933
2023-04-27,12.585,12.908,12.843,2183
2023-04-28,12.585,12.908,12.908,850
2023-05-01,12.65,13.23,13.101,1725
2023-05-02,12.972,13.424,13.23,1192
2023-05-03,12.908,13.747,13.553,6417
2023-05-04,13.037,13.553,13.424,1200
2023-05-05,13.295,13.811,13.618,1042
2023-05-08,12.843,13.553,13.295,4417
2023-05-09,13.101,13.618,13.618,1025
2023-05-10,13.424,13.618,13.553,1350
2023-05-11,13.295,13.618,13.553,1417
2023-05-12,13.23,13.553,13.295,933
2023-05-15,13.166,13.553,13.36,2283
2023-05-16,13.166,13.618,13.489,2125
2023-05-17,13.23,13.618,13.618,1767
2023-05-18,13.489,13.618,13.553,667
2023-05-19,13.037,13.553,13.166,2975
2023-05-22,13.166,13.682,13.618,3483
2023-05-23,13.36,13.747,13.618,3117
2023-05-24,13.101,13.618,13.618,1142
2023-05-25,13.23,13.618,13.36,1367
2023-05-26,13.101,13.553,13.424,2217
2023-05-30,12.972,13.811,13.424,3608
2023-05-31,13.166,13.811,13.618,2258
2023-06-01,13.23,13.811,13.553,4408
2023-06-02,12.972,13.618,13.618,3600
2023-06-05,13.101,13.618,13.424,1067
2023-06-06,13.101,13.618,13.553,2625
2023-06-07,13.101,13.618,13.553,2275
2023-06-08,13.295,13.553,13.36,1675
2023-06-09,13.166,13.553,13.295,1517
2023-06-12,13.166,13.618,13.618,1525
2023-06-13,13.101,13.618,13.553,2733
2023-06-14,13.166,13.295,13.166,1250
2023-06-15,13.037,13.618,13.553,2575
2023-06-16,13.23,13.94,13.553,9483
2023-06-20,13.295,13.618,13.618,7600
2023-06-21,13.101,13.682,13.553,3650
2023-06-22,13.23,13.682,13.553,758
2023-06-23,13.101,13.489,13.166,8542
2023-06-26,12.972,13.23,13.166,1542
2023-06-27,12.908,13.23,13.101,2275
2023-06-28,12.908,13.101,13.037,917
2023-06-29,12.972,13.037,13.037,1367
2023-06-30,12.972,13.101,13.101,1692
2023-07-03,12.972,13.295,13.166,633
2023-07-05,13.101,13.424,13.101,2642
2023-07-06,13.037,13.23,13.23,483
2023-07-07,12.972,13.295,13.295,833
2023-07-10,12.972,13.295,13.166,1975
2023-07-11,13.101,13.295,13.23,258
2023-07-12,13.166,13.489,13.295,742
2023-07-13,12.972,13.424,13.166,2608
2023-07-14,13.037,13.166,13.037,558
2023-07-17,13.037,13.23,13.166,1208
2023-07-18,12.908,13.23,13.23,2567
2023-07-19,13.037,13.23,13.166,3183
2023-07-20,13.037,13.424,13.101,1025
2023-07-21,13.037,13.36,13.166,892
2023-07-24,12.908,13.166,13.101,3550
2023-07-25,12.908,13.101,13.101,1525
2023-07-26,12.908,13.23,13.166,1858
2023-07-27,12.972,13.166,13.166,617
2023-07-28,13.101,13.23,13.166,350
2023-07-31,13.166,13.23,13.166,683
2023-08-01,13.166,13.23,13.23,2192
2023-08-02,13.166,13.23,13.23,925
2023-08-03,13.166,13.23,13.166,775
2023-08-04,13.166,13.23,13.166,483
2023-08-07,12.972,13.23,13.166,2967
2023-08-08,12.972,13.166,13.037,367
2023-08-09,12.972,13.166,13.101,425
2023-08-10,12.972,13.166,13.166,958
2023-08-11,13.037,13.23,13.23,867
2023-08-14,13.037,13.23,13.166,475
2023-08-15,12.972,13.23,13.166,783
2023-08-16,12.972,13.166,13.101,583
2023-08-17,12.908,13.23,13.166,3058
2023-08-18,12.972,13.36,13.36,4967
2023-08-21,12.972,13.295,13.23,2842
2023-08-22,13.101,13.36,13.295,1642
2023-08-23,13.101,13.295,13.23,442
2023-08-24,13.23,13.295,13.295,617
2023-08-25,12.972,13.295,13.23,1358
2023-08-28,13.037,13.166,13.101,1858
2023-08-29,12.843,13.36,13.295,858
2023-08-30,13.037,13.295,13.295,5525
2023-08-31,12.972,13.295,13.23,367
2023-09-01,13.166,13.295,13.295,1550
2023-09-05,12.908,13.23,13.166,4692
2023-09-06,13.037,13.23,13.037,1442
2023-09-07,12.972,13.23,13.166,783
2023-09-08,13.101,13.23,13.23,1967
2023-09-11,13.037,13.295,13.23,1208
2023-09-12,13.037,13.23,13.101,1450
2023-09-13,12.972,13.23,12.972,1608
2023-09-14,12.972,13.295,13.295,2925
2023-09-15,13.23,13.36,13.23,6383
2023-09-18,12.972,13.295,13.295,1325
2023-09-19,13.166,13.295,13.295,525
2023-09-20,13.101,13.295,13.23,1242
2023-09-21,13.037,13.295,13.295,2492
2023-09-22,12.972,13.295,12.972,908
2023-09-25,12.972,13.23,13.037,1092
2023-09-26,12.972,13.166,13.037,2425
2023-09-27,12.972,13.166,12.972,1283
2023-09-28,12.972,13.037,12.972,2233
2023-09-29,12.972,13.037,12.972,1567
2023-10-02,12.908,13.166,12.972,3033
2023-10-03,12.972,13.23,13.037,2642
2023-10-04,12.908,13.23,13.037,983
2023-10-05,12.908,13.23,13.23,758
2023-10-06,12.908,13.23,13.101,467
2023-10-09,13.037,13.23,13.166,342
2023-10-10,12.972,13.23,13.23,2658
2023-10-11,12.972,13.295,13.23,2208
2023-10-12,12.972,13.295,13.101,4058
2023-10-13,13.037,13.166,13.166,250
2023-10-16,12.972,13.166,13.037,1192
2023-10-17,12.972,13.166,13.166,467
2023-10-18,12.972,13.166,13.166,892
2023-10-19,12.908,13.166,13.101,1725
2023-10-20,12.908,13.23,13.101,8492
2023-10-23,12.714,13.23,12.779,3233
2023-10-24,12.65,12.779,12.714,992
2023-10-25,12.65,12.908,12.65,1575
2023-10-26,12.65,12.843,12.65,1258
2023-10-27,11.746,12.779,12.069,4717
2023-10-30,11.617,12.198,11.617,3158
2023-10-31,11.359,11.617,11.552,2217
2023-11-01,11.423,11.811,11.617,1875
2023-11-02,11.488,12.262,11.617,1258
2023-11-03,11.23,12.327,12.262,2875
2023-11-06,11.617,12.262,11.875,1117
2023-11-07,11.359,12.327,11.875,1658
2023-11-08,11.617,12.198,11.875,1125
2023-11-09,11.617,11.811,11.811,2267
2023-11-10,11.359,11.94,11.552,2225
2023-11-13,11.294,11.552,11.488,167
2023-11-14,11.294,11.552,11.359,908
2023-11-15,11.23,11.617,11.488,1633
2023-11-16,11.23,11.746,11.488,2758
2023-11-17,11.294,11.682,11.682,1667
2023-11-20,11.488,12.069,12.069,1075
2023-11-21,11.682,12.262,12.198,817
2023-11-22,11.94,12.198,12.069,1042
2023-11-24,12.004,12.585,12.585,1958
2023-11-27,12.327,12.585,12.521,1033
2023-11-28,12.198,12.585,12.262,500
2023-11-29,12.133,12.521,12.262,2367
2023-11-30,11.746,12.198,11.746,717
2023-12-01,11.682,12.133,11.811,1592
2023-12-04,11.488,12.133,11.875,1617
2023-12-05,11.617,12.069,11.875,1092
2023-12-06,11.488,11.94,11.811,775
2023-12-07,11.746,11.94,11.746,1842
2023-12-08,11.617,11.746,11.682,1117
2023-12-11,11.423,11.682,11.682,975
2023-12-12,11.552,11.746,11.617,1017
2023-12-13,11.359,11.811,11.488,1450
2023-12-14,11.359,11.875,11.552,2675
2023-12-15,11.294,11.682,11.294,2125
2023-12-18,11.101,11.423,11.294,2092
2023-12-19,11.036,11.488,11.423,3183
2023-12-20,11.036,11.294,11.101,1492
2023-12-21,11.036,11.101,11.036,1142
2023-12-22,10.778,11.101,11.036,2758
2023-12-26,10.972,11.165,10.972,2133
2023-12-27,10.391,11.165,10.972,10508
2023-12-28,10.842,11.165,11.036,2042
2023-12-29,10.713,11.294,10.972,3983
2024-01-02,10.649,11.036,10.842,2533
2024-01-03,10.649,10.778,10.649,2942
2024-01-04,10.52,10.778,10.584,2292
2024-01-05,10.455,10.649,10.52,992
2024-01-08,10.391,10.584,10.584,1283
2024-01-09,10.455,11.036,10.842,6342
2024-01-10,10.584,10.842,10.842,1883
2024-01-11,10.52,10.972,10.52,1817
2024-01-12,10.455,10.713,10.52,900
2024-01-16,10.391,10.649,10.391,2133
2024-01-17,10.391,10.52,10.455,950
2024-01-18,10.197,10.455,10.391,2508
2024-01-19,10.068,10.455,10.391,3483
2024-01-22,10.133,10.455,10.391,1433
2024-01-23,10.133,10.326,10.197,1950
2024-01-24,10.133,10.262,10.262,1108
2024-01-25,10.197,10.649,10.584,3425
2024-01-26,10.649,11.294,10.907,4383
2024-01-29,10.842,11.101,10.972,1592
2024-01-30,10.52,10.972,10.584,1375
2024-01-31,10.133,10.778,10.262,4775
2024-02-01,10.133,10.391,10.197,1875
2024-02-02,10.133,10.649,10.455,3542
2024-02-05,10.326,10.455,10.326,1108
2024-02-06,10.197,10.391,10.262,2517
2024-02-07,10.197,10.649,10.326,1450
2024-02-08,10.52,10.907,10.649,4250
2024-02-09,10.649,10.842,10.713,1667
2024-02-12,10.713,10.842,10.713,1108
2024-02-13,10.326,10.649,10.326,3533
2024-02-14,10.326,10.584,10.584,2083
2024-02-15,10.326,10.649,10.649,1133
2024-02-16,10.455,10.778,10.778,1392
2024-02-20,10.455,10.778,10.584,1033
2024-02-21,10.133,10.713,10.52,5392
2024-02-22,10.326,10.584,10.52,1000
2024-02-23,10.391,10.649,10.52,383
2024-02-26,10.391,10.842,10.649,1225
2024-02-27,10.455,10.907,10.907,2192
2024-02-28,10.649,11.101,10.778,1833
2024-02-29,10.391,10.842,10.649,958
2024-03-01,10.52,10.907,10.778,817
2024-03-04,10.455,11.294,10.842,1717
2024-03-05,10.455,10.842,10.778,3983
2024-03-06,10.713,10.907,10.713,692
2024-03-07,10.391,11.036,10.52,2758
2024-03-08,10.197,10.649,10.584,1325
2024-03-11,10.326,10.649,10.649,1092
2024-03-12,10.326,10.778,10.713,2550
2024-03-13,10.713,10.907,10.907,1608
2024-03-14,10.713,10.972,10.972,4967
2024-03-15,10.842,11.165,10.907,3900
2024-03-18,10.842,11.101,11.101,3317
2024-03-19,10.649,11.23,11.23,4842
2024-03-20,10.972,11.294,11.294,467
2024-03-21,11.036,11.617,11.488,4200
2024-03-22,11.294,11.488,11.423,933
2024-03-25,11.036,11.488,11.165,3367
2024-03-26,10.907,11.165,11.036,2383
2024-03-27,10.907,11.294,11.294,608
2024-03-28,11.165,11.423,11.359,750
2024-04-01,11.294,11.488,11.294,1283
2024-04-02,10.907,11.294,11.036,1050
2024-04-03,18.587,25.041,20.975,6734208
2024-04-04,18.716,20.265,19.878,230183
2024-04-05,19.039,20.523,19.942,48933
2024-04-08,19.039,20.007,19.362,50242
2024-04-09,19.233,21.491,20.201,47550
2024-04-10,19.426,20.588,20.265,17742
2024-04-11,20.007,21.104,20.975,12817
2024-04-12,20.33,21.362,20.846,29508
2024-04-15,20.33,21.104,20.523,11208
2024-04-16,20.201,21.362,21.104,24583
2024-04-17,20.136,21.362,20.717,7917
2024-04-18,20.201,21.427,20.975,18283
2024-04-19,20.717,22.072,21.943,77183
2024-04-22,21.298,22.459,22.266,24575
2024-04-23,22.266,24.202,23.557,17650
2024-04-24,23.234,24.073,23.428,8150
2024-04-25,22.008,23.621,22.459,4517
2024-04-26,22.589,23.75,23.105,7108
2024-04-29,22.072,23.234,22.137,19217
2024-04-30,21.556,23.105,22.524,17958
2024-05-01,20.523,22.589,20.975,13008
2024-05-02,20.652,21.62,21.04,5500
2024-05-03,20.975,22.33,21.04,1408
2024-05-06,20.588,21.169,20.781,4317
2024-05-07,20.717,21.62,21.233,2800
2024-05-08,21.104,22.33,21.685,3425
2024-05-09,21.491,22.33,21.75,3033
2024-05-10,21.62,24.137,22.395,15433
2024-05-13,19.942,22.911,21.943,4633
2024-05-14,20.717,22.653,21.427,5708
2024-05-15,22.072,24.46,24.008,16517
2024-05-16,24.202,25.815,25.815,14575
2024-05-17,20.072,28.978,21.491,38125
2024-05-20,20.523,21.427,21.04,7567
2024-05-21,20.717,21.491,20.911,2125
2024-05-22,20.652,21.233,20.975,4142
2024-05-23,20.459,21.685,21.04,4483
2024-05-24,20.911,22.718,21.879,3908
2024-05-28,22.266,23.363,22.911,4242
2024-05-29,21.943,23.363,22.137,1817
2024-05-30,21.814,22.653,22.395,1333
2024-05-31,22.459,24.202,23.879,6775
2024-06-03,23.04,25.815,24.073,15833
2024-06-04,21.298,26.267,22.653,18075
2024-06-05,21.298,22.911,21.362,4517
2024-06-06,20.717,21.556,21.362,5858
2024-06-07,20.781,22.266,21.169,2550
2024-06-10,18.716,20.911,20.652,10392
2024-06-11,20.652,21.491,21.169,1125
2024-06-12,20.846,22.072,21.556,2667
2024-06-13,21.298,21.62,21.427,1392
2024-06-14,20.072,21.362,21.362,2567
2024-06-17,20.652,21.556,20.781,2083
2024-06-18,20.072,21.556,21.556,12775
2024-06-20,20.652,21.556,21.04,2325
2024-06-21,20.265,22.911,22.589,10625
2024-06-24,22.008,23.234,22.524,2758
2024-06-25,21.685,23.234,23.04,2625
2024-06-26,22.201,23.04,22.395,1392
2024-06-27,20.136,23.686,23.234,2350
2024-06-28,23.363,24.718,24.718,4900
2024-07-01,23.686,24.847,24.525,1700
2024-07-02,23.298,25.557,23.298,15400
2024-07-03,21.685,24.331,22.395,17617
2024-07-05,20.911,23.621,22.201,10700
2024-07-08,21.362,23.234,22.459,6650
2024-07-09,22.072,23.234,22.33,3400
2024-07-10,21.233,22.847,22.201,8525
2024-07-11,21.169,22.911,21.427,24417
2024-07-12,21.169,21.943,21.62,1483
2024-07-15,21.943,23.169,22.459,26475
2024-07-16,22.653,23.815,22.911,8025
2024-07-17,21.943,23.686,22.524,7533
2024-07-18,20.781,23.557,21.362,11800
2024-07-19,20.394,21.298,21.233,3117
2024-07-22,20.717,21.879,21.04,1958
2024-07-23,20.136,21.491,20.136,5633
2024-07-24,19.426,20.652,20.007,22817
2024-07-25,19.039,20.33,19.813,10233
2024-07-26,19.426,21.233,20.265,10392
2024-07-29,19.362,20.911,20.007,3825
2024-07-30,18.974,19.942,19.362,3400
2024-07-31,18.845,19.62,19.362,2042
2024-08-01,18.781,19.362,19.103,4583
2024-08-02,18.523,20.394,20.072,3867
2024-08-05,17.361,19.749,18.716,6092
2024-08-06,18.071,19.233,18.587,2883
2024-08-07,17.361,19.942,17.877,783
2024-08-08,17.361,19.039,19.039,2725
2024-08-09,17.748,19.684,18.135,5450
2024-08-12,17.555,19.103,17.684,4708
2024-08-13,17.425,18.587,17.684,1533
2024-08-14,16.78,18.264,18.006,6150
2024-08-15,18.071,18.652,18.523,3817
2024-08-16,18.329,19.362,19.039,17633
2024-08-19,19.878,23.686,23.105,50075
2024-08-20,23.105,24.525,23.686,14858
2024-08-21,23.879,25.751,24.976,17300
2024-08-22,24.783,26.461,25.299,17025
2024-08-23,25.17,28.139,26.848,37100
2024-08-26,21.491,25.493,24.589,41667
2024-08-27,23.879,25.428,25.041,16300
2024-08-28,22.072,24.847,22.524,21925
2024-08-29,21.72,33.0,30.0,184600
2024-08-30,26.64,29.64,28.8,24242
2024-09-03,24.58,28.45,25.5,11300
2024-09-04,25.52,31.13,27.99,30800
2024-09-05,23.98,27.0,24.31,22400
2024-09-06,24.21,25.35,24.99,15200
2024-09-09,24.99,28.0,28.0,16400
2024-09-10,26.88,28.83,28.08,5900
2024-09-11,27.22,29.74,29.62,13500
2024-09-12,25.56,31.0,26.0,36900
2024-09-13,24.18,27.07,24.89,136500
2024-09-16,24.89,27.77,25.9,112100
2024-09-17,24.84,27.16,26.47,45600
2024-09-18,25.16,26.41,25.38,23300
2024-09-19,24.7,26.75,24.82,70900
2024-09-20,24.35,26.99,25.0,53600
2024-09-23,24.36,26.19,24.58,73700
2024-09-24,23.02,24.64,23.85,51400
2024-09-25,23.35,25.04,23.84,110300
2024-09-26,23.52,25.98,23.87,145500
2024-09-27,22.51,24.44,22.83,86500
2024-09-30,23.28,25.9,24.51,162400
2024-10-01,24.09,26.48,24.75,65200
2024-10-02,24.13,25.08,25.0,20700
2024-10-03,24.39,25.8,25.19,34600
2024-10-04,24.5,26.0,25.47,76600
2024-10-07,24.85,27.29,26.0,80600
2024-10-08,25.58,27.7,27.51,58700
2024-10-09,26.38,29.07,28.46,78300
2024-10-10,25.59,28.36,26.0,69500
2024-10-11,25.18,27.0,26.04,75800
2024-10-14,26.38,28.61,27.74,56000
2024-10-15,26.33,28.87,27.82,65800
2024-10-16,27.65,30.78,29.01,349600
2024-10-17,27.73,29.48,28.81,43100
2024-10-18,28.55,30.46,29.76,177200
2024-10-21,28.76,31.13,30.49,143300
2024-10-22,28.92,31.12,30.19,107300
2024-10-23,29.31,30.51,29.99,83000
2024-10-24,29.24,30.5,29.7,109100
2024-10-25,27.84,29.85,27.99,216000
2024-10-28,27.52,30.51,30.3,77600
2024-10-29,28.95,30.41,29.97,75300
2024-10-30,28.65,30.4,28.88,63800
2024-10-31,27.7,28.99,28.0,67400
2024-11-01,26.89,28.69,27.19,85700
2024-11-04,26.69,27.64,26.95,110000
2024-11-05,26.28,27.27,26.69,126800
2024-11-06,26.41,28.25,27.64,188300
2024-11-07,23.7,27.11,25.62,234400
2024-11-08,25.15,27.39,26.68,159000
2024-11-11,26.2,28.09,26.62,125200
2024-11-12,25.85,27.37,26.1,178500
2024-11-13,25.25,27.51,25.65,263300
2024-11-14,23.1,27.4,24.0,205600
2024-11-15,23.05,25.04,24.04,165800
2024-11-18,19.57,24.38,21.13,461800
2024-11-19,20.46,23.15,22.3,250000
2024-11-20,21.81,23.85,22.2,156800
2024-11-21,19.84,23.79,20.5,278800
2024-11-22,20.32,21.0,20.75,331100
2024-11-25,18.39,21.5,18.51,221200
2024-11-26,18.2,19.57,18.69,96100
2024-11-27,18.5,20.26,20.26,51300
2024-11-29,19.76,21.75,21.73,80900
2024-12-02,20.58,22.31,20.96,116700
2024-12-03,19.96,21.82,20.82,126200
2024-12-04,20.09,21.46,20.97,84300
2024-12-05,20.34,21.19,20.34,69400
2024-12-06,20.02,22.1,21.2,80000
2024-12-09,21.73,24.49,23.01,378800
2024-12-10,22.99,25.65,23.85,278500
2024-12-11,23.32,24.74,23.68,298400
2024-12-12,20.99,24.24,21.32,333200
2024-12-13,21.06,22.64,21.94,250300
2024-12-16,21.78,23.27,22.56,529400
2024-12-17,21.16,23.3,22.45,746300
2024-12-18,20.83,23.57,21.34,554400
2024-12-19,19.84,21.67,20.76,584100
2024-12-20,19.84,21.58,20.31,2542100
2024-12-23,20.0,21.12,21.0,262300
2024-12-24,20.5,21.67,21.13,241600
2024-12-26,19.93,21.05,19.98,120400
2024-12-27,18.81,19.87,19.01,134000
2024-12-30,17.64,18.96,18.95,168700
2024-12-31,18.23,19.49,19.39,137200
2025-01-02,19.34,20.18,19.97,190900
2025-01-03,18.4,21.2,20.81,195400
2025-01-06,20.37,21.32,20.52,236600
2025-01-07,18.45,20.88,18.99,293800
2025-01-08,17.74,19.29,19.01,206300
2025-01-10,15.63,18.72,15.72,271100
2025-01-13,13.17,15.55,14.03,680100
2025-01-14,13.52,14.55,13.87,449600
2025-01-15,13.75,14.42,13.97,511400
2025-01-16,12.37,14.85,12.6,297300
2025-01-17,12.24,13.0,12.25,185100
2025-01-21,12.24,13.62,12.98,717100
2025-01-22,12.3,13.71,12.5,405900
2025-01-23,11.95,12.98,12.47,231800
2025-01-24,12.05,12.89,12.19,253600
2025-01-27,11.32,12.55,11.44,221400
2025-01-28,10.95,11.87,11.75,159100
2025-01-29,11.62,12.32,12.07,192200
2025-01-30,11.95,13.34,12.67,208200
2025-01-31,12.65,13.71,13.45,242000
2025-02-03,13.04,14.11,13.7,176800
2025-02-04,13.71,14.77,14.21,190900
2025-02-05,13.95,15.1,14.29,170100
2025-02-06,13.03,14.21,13.08,233000
2025-02-07,11.11,13.47,11.4,505800
2025-02-10,10.61,11.78,10.91,901500
2025-02-11,10.8,11.3,10.98,144300
2025-02-12,10.85,12.11,11.87,256700
2025-02-13,11.24,11.87,11.43,128400
2025-02-14,10.83,11.91,11.18,248900
2025-02-18,10.87,11.69,11.0,342700
2025-02-19,10.69,11.43,10.76,246400
2025-02-20,10.72,11.57,11.28,351400
2025-02-21,10.9,11.49,11.02,94200
2025-02-24,10.58,11.22,10.86,253500
2025-02-25,10.52,10.88,10.64,153400
2025-02-26,10.43,11.03,10.53,141000
2025-02-27,9.53,10.75,9.56,415700
2025-02-28,9.69,10.52,10.15,212100
2025-03-03,9.77,10.89,9.91,198600
2025-03-04,9.44,10.44,10.14,131200
2025-03-05,10.06,10.6,10.38,103300
2025-03-06,9.89,10.46,10.07,139800
2025-03-07,9.58,10.7,10.46,262700
2025-03-10,10.04,11.03,10.94,225500
2025-03-11,10.23,11.14,11.06,431800
2025-03-12,10.87,11.78,11.55,164400
2025-03-13,10.71,11.54,11.14,358200
2025-03-14,11.01,11.36,11.09,130700
2025-03-17,11.1,12.3,11.89,232100
2025-03-18,11.44,11.94,11.47,378900
2025-03-19,11.1,11.94,11.63,206800
2025-03-20,11.41,11.99,11.95,197700
2025-03-21,11.76,12.26,12.1,285500
2025-03-24,11.58,12.53,12.36,168500
2025-03-25,11.92,12.72,11.99,127000
2025-03-26,11.16,12.34,11.39,170500
2025-03-27,11.34,12.05,11.95,103200
2025-03-28,11.59,12.58,12.5,136700
2025-03-31,9.86,12.45,10.26,379700
2025-04-01,8.95,10.29,9.56,705200
2025-04-02,9.24,10.22,9.42,659400
2025-04-03,8.64,9.15,8.92,277600
2025-04-04,7.72,8.7,7.83,645200
2025-04-07,7.0,7.87,7.62,596200
2025-04-08,6.77,7.9,6.78,445600
2025-04-09,5.49,7.44,7.17,1181600
2025-04-10,6.74,7.66,7.37,398900
2025-04-11,7.14,7.78,7.68,473500
2025-04-14,7.69,8.25,8.14,284900
2025-04-15,7.62,8.77,8.56,273800
2025-04-16,8.31,8.81,8.61,186600
2025-04-17,8.36,9.26,9.22,150000
2025-04-21,8.99,9.53,9.3,309800
2025-04-22,9.12,10.61,10.58,217200
2025-04-23,10.44,11.13,10.58,234900
2025-04-24,9.82,10.88,10.5,207700
2025-04-25,9.72,10.4,10.09,156800
2025-04-28,9.78,10.49,10.28,134600
2025-04-29,9.99,10.66,10.45,167100
2025-04-30,9.9,10.65,10.44,115200
2025-05-01,10.0,10.84,10.09,126200
2025-05-02,10.07,10.95,10.71,122400
2025-05-05,9.92,10.53,9.98,110100
2025-05-06,9.14,10.27,9.29,227500
2025-05-07,8.94,9.76,9.54,123300
2025-05-08,9.03,9.84,9.75,120700
2025-05-09,9.49,10.31,9.54,104000
2025-05-12,9.26,10.0,9.75,119700
2025-05-13,9.24,9.83,9.62,83400
2025-05-14,9.15,9.77,9.71,116300
2025-05-15,8.91,10.49,9.46,135500
2025-05-16,9.4,10.29,10.06,92500
2025-05-19,9.54,10.44,10.31,160200
2025-05-20,10.16,10.71,10.62,119600
2025-05-21,10.26,11.03,10.58,119800
2025-05-22,10.66,11.4,11.19,199900
2025-05-23,10.7,11.22,10.95,135500
2025-05-27,11.03,11.71,11.44,189600
2025-05-28,11.32,11.76,11.47,123000
2025-05-29,11.47,11.91,11.85,128700
2025-05-30,10.64,11.81,10.96,327900
2025-06-02,10.97,11.84,11.77,226500
2025-06-03,11.58,12.42,11.94,147800
2025-06-04,11.67,12.31,11.68,115100
2025-06-05,11.03,12.26,12.19,140000
2025-06-06,12.45,12.88,12.58,138300
2025-06-09,12.4,12.94,12.54,124600
2025-06-10,12.37,13.3,13.19,136100
2025-06-11,12.5,13.56,12.6,215600
2025-06-12,12.4,13.17,12.87,138600
2025-06-13,12.33,13.06,12.56,131600
2025-06-16,12.07,13.7,12.43,182600
2025-06-17,11.97,12.63,11.97,148400
2025-06-18,11.81,12.32,11.98,133000
2025-06-20,11.56,12.11,11.68,208300
2025-06-23,10.77,11.92,10.9,199000
2025-06-24,10.79,11.9,11.76,146100
2025-06-25,11.4,11.83,11.63,105600
2025-06-26,11.37,11.87,11.63,130800
2025-06-27,10.83,11.79,11.08,3739700
2025-06-30,11.02,11.8,11.21,189400
2025-07-01,10.97,12.22,11.8,218700
2025-07-02,11.82,12.79,12.61,249900
2025-07-03,12.1,12.93,12.6,148900
2025-07-07,12.48,13.67,13.29,406800
2025-07-08,13.15,13.76,13.39,219800
2025-07-09,13.39,14.78,14.23,269600
2025-07-10,13.83,14.94,14.07,220200
2025-07-11,13.93,14.37,14.23,91900
2025-07-14,14.01,14.84,14.7,117100
2025-07-15,14.1,15.12,14.25,126900
2025-07-16,14.03,14.85,14.8,100100
2025-07-17,14.69,15.58,15.36,222200
2025-07-18,14.16,15.7,14.54,389800
2025-07-21,13.43,15.61,13.77,236300
2025-07-22,13.51,14.13,14.06,124100
2025-07-23,14.08,14.63,14.54,99300
2025-07-24,14.03,14.56,14.23,69600
2025-07-25,13.7,14.35,14.25,70200
2025-07-28,13.86,14.46,14.01,88700
2025-07-29,13.58,14.37,13.73,100700
2025-07-30,13.51,14.32,13.79,118300
2025-07-31,13.42,14.07,13.59,113200
2025-08-01,13.02,13.92,13.6,145000
2025-08-04,13.52,14.45,14.3,93300
2025-08-05,14.17,15.52,15.5,202600
2025-08-06,13.86,15.68,14.19,171200
2025-08-07,13.49,14.54,13.67,113900
2025-08-08,12.89,13.9,13.09,71500
2025-08-11,12.84,13.58,13.05,101100
2025-08-12,13.06,14.21,13.95,210100
2025-08-13,14.03,15.94,15.33,303600
2025-08-14,14.85,15.41,15.0,123700
2025-08-15,14.79,15.67,15.37,155900
2025-08-18,15.1,15.76,15.25,113100
2025-08-19,14.08,15.74,14.56,221300
2025-08-20,14.12,14.97,14.4,143200
2025-08-21,14.1,14.99,14.79,181800
2025-08-22,14.68,15.81,15.44,152700
2025-08-25,14.35,15.37,14.51,101500
2025-08-26,14.34,15.0,14.81,79300
2025-08-27,14.63,15.63,15.18,177600
2025-08-28,14.88,15.45,15.27,109600
2025-08-29,14.61,15.34,14.8,89800
2025-09-02,14.76,16.12,15.56,243300
2025-09-03,15.22,16.1,15.44,199000
2025-09-04,14.7,15.45,14.97,89600
2025-09-05,15.05,16.88,16.35,244600
2025-09-08,15.4,16.47,15.8,188100
2025-09-09,15.23,16.13,16.05,68500
2025-09-10,15.55,16.21,15.77,70800
2025-09-11,15.52,16.16,16.15,65800
2025-09-12,15.23,16.15,15.4,87300
2025-09-15,14.68,15.94,15.26,122900
2025-09-16,14.67,15.55,14.9,134800
2025-09-17,15.66,18.5,16.21,1799500
2025-09-18,15.95,16.84,16.58,800700
2025-09-19,15.25,16.62,15.55,1173600
2025-09-22,15.01,17.18,17.15,582500
2025-09-23,15.5,17.44,15.56,559600
2025-09-24,15.1,15.9,15.27,499200
2025-09-25,14.89,15.52,15.05,372900
2025-09-26,15.0,15.65,15.2,418500
2025-09-29,15.77,20.0,19.29,1349800
2025-09-30,18.35,20.0,19.23,487600
2025-10-01,18.19,19.97,18.62,468900
2025-10-02,18.43,19.72,19.18,356500
2025-10-03,19.04,19.86,19.79,284500
2025-10-06,19.74,21.2,20.33,518600
2025-10-07,19.89,20.69,20.57,404800
2025-10-08,20.25,22.96,22.62,445200
2025-10-09,21.66,25.68,25.55,1074900
2025-10-10,24.31,26.04,24.49,520400
2025-10-13,24.46,26.19,25.51,537900
2025-10-14,24.88,29.2,27.48,1176000
2025-10-15,26.84,29.19,27.91,661400
2025-10-16,25.63,28.57,26.56,351600
2025-10-17,25.4,27.67,27.48,332000
2025-10-20,26.65,27.95,27.48,347700
2025-10-21,26.61,27.86,27.36,242600
2025-10-22,25.11,27.66,26.65,486600
2025-10-23,26.29,27.75,27.13,141100
2025-10-24,26.77,27.67,27.25,166200
2025-10-27,27.22,28.76,27.7,452000
2025-10-28,27.14,27.92,27.44,118000
2025-10-29,27.1,29.46,27.61,314500
2025-10-30,27.1,28.66,28.11,373000
2025-10-31,27.45,28.98,28.17,341500
2025-11-03,25.84,28.17,26.19,447500
2025-11-04,25.57,27.55,27.43,723100
2025-11-05,26.24,29.25,27.31,777900
2025-11-06,26.25,29.64,28.28,573300
2025-11-07,26.49,28.43,27.75,517200
2025-11-10,27.26,28.99,27.96,318200
2025-11-11,27.27,28.94,28.2,356700
2025-11-12,27.51,29.86,28.3,317800
2025-11-13,26.18,29.98,26.38,446500
2025-11-14,25.62,27.89,27.08,304700
2025-11-17,26.52,28.43,28.23,304400
2025-11-18,27.13,28.27,27.45,390000
2025-11-19,27.49,28.8,28.26,381000
2025-11-20,26.92,29.87,26.99,412500
2025-11-21,26.52,29.69,29.29,397300
2025-11-24,29.3,30.85,29.87,1071900
2025-11-25,29.04,30.65,30.52,384400
2025-11-26,30.18,31.0,30.46,307000
2025-11-28,30.01,30.87,30.1,175100
2025-12-01,26.95,29.67,27.67,493200
2025-12-02,26.73,28.0,27.83,374200
2025-12-03,27.79,30.27,29.6,367100
2025-12-04,29.04,31.21,30.93,401500
2025-12-05,30.22,31.8,30.84,355200
2025-12-08,30.9,31.8,31.45,387900
